# Matter power spectrum P(k) at redshift z=0
# for k=1.01485e-05 to 1.54609 h/Mpc,
# number of wavenumbers equal to 598
#    1:k (h/Mpc)              2:P (Mpc/h)^3        
       1.014853279144e-05       5.883539937702e+01 
       2.302815899738e-05       1.293992772295e+02 
       3.595226786123e-05       1.986183719674e+02 
       4.895562330852e-05       2.672854034699e+02 
       6.207355708043e-05       3.358419981728e+02 
       7.534228371160e-05       4.046147297212e+02 
       8.879922548355e-05       4.738802875455e+02 
       1.024833516783e-04       5.438919273381e+02 
       1.164355364901e-04       6.148928947303e+02 
       1.306989399859e-04       6.871244753074e+02 
       1.453194165142e-04       7.608315198444e+02 
       1.603459549027e-04       8.362667004681e+02 
       1.758311546101e-04       9.136941030516e+02 
       1.918317416356e-04       9.933924746615e+02 
       2.084091273355e-04       1.075658336367e+03 
       2.256300122320e-04       1.160809013281e+03 
       2.435670352514e-04       1.249185689666e+03 
       2.622994663712e-04       1.341156461109e+03 
       2.819139371371e-04       1.437119399150e+03 
       3.025051985789e-04       1.537505555622e+03 
       3.241768893525e-04       1.642781825723e+03 
       3.470422880426e-04       1.753453527760e+03 
       3.712250121125e-04       1.870066503936e+03 
       3.968596117137e-04       1.993208475714e+03 
       4.240919894903e-04       2.123509317023e+03 
       4.530795581426e-04       2.261639817932e+03 
       4.839910271897e-04       2.408308427716e+03 
       5.170056916064e-04       2.564255410548e+03 
       5.523120818783e-04       2.730243828059e+03 
       5.901058333541e-04       2.907046730353e+03 
       6.305866499270e-04       3.095430208884e+03 
       6.739542810012e-04       3.296132032945e+03 
       7.204035078955e-04       3.509836175438e+03 
       7.701182482129e-04       3.737143986958e+03 
       8.232650278173e-04       3.978543522243e+03 
       8.799862219991e-04       4.234379052934e+03 
       9.403936005671e-04       4.504823574061e+03 
       1.004562789220e-03       4.789857188037e+03 
       1.072529247811e-03       5.089254107470e+03 
       1.144286247345e-03       5.402580326995e+03 
       1.219785111027e-03       5.729202788852e+03 
       1.298937709012e-03       6.068309581994e+03 
       1.381620919876e-03       6.418922236810e+03 
       1.467682553710e-03       6.779947103422e+03 
       1.556948113235e-03       7.150259265200e+03 
       1.649227761972e-03       7.528662701557e+03 
       1.744322954845e-03       7.913953471636e+03 
       1.842032330973e-03       8.304947984617e+03 
       1.942156631296e-03       8.700505715811e+03 
       2.044502552805e-03       9.099546167771e+03 
       2.148885567514e-03       9.501060370585e+03 
       2.255131811355e-03       9.904117490949e+03 
       2.363079188994e-03       1.030786834537e+04 
       2.472577852926e-03       1.071154307927e+04 
       2.583490208324e-03       1.111445105322e+04 
       2.695690577235e-03       1.151597602329e+04 
       2.809064633114e-03       1.191557085242e+04 
       2.923508693575e-03       1.231275400572e+04 
       3.038928938105e-03       1.270710011618e+04 
       3.155240599418e-03       1.309823927723e+04 
       3.272367162489e-03       1.348584915974e+04 
       3.390239593902e-03       1.386964870686e+04 
       3.508795615553e-03       1.424939777206e+04 
       3.627979030469e-03       1.462488708755e+04 
       3.747739104058e-03       1.499593986920e+04 
       3.868030001081e-03       1.536240451062e+04 
       3.988810276636e-03       1.572414996557e+04 
       4.110042418214e-03       1.608107527830e+04 
       4.231692435219e-03       1.643308514523e+04 
       4.353729492004e-03       1.678011062981e+04 
       4.476125580455e-03       1.712209269431e+04 
       4.598855228228e-03       1.745899118016e+04 
       4.721895238958e-03       1.779080772714e+04 
       4.845224461040e-03       1.811743282834e+04 
       4.968823581838e-03       1.843888666859e+04 
       5.092674944492e-03       1.875518514538e+04 
       5.216762384772e-03       1.906634450819e+04 
       5.341071085692e-03       1.937233486120e+04 
       5.465587447855e-03       1.967318293781e+04 
       5.590298973730e-03       1.996850125023e+04 
       5.715194164254e-03       2.025910908988e+04 
       5.840262426357e-03       2.054461343758e+04 
       5.965493990172e-03       2.082506051468e+04 
       6.090879834809e-03       2.110048035076e+04 
       6.216411621754e-03       2.137090210645e+04 
       6.342081635022e-03       2.163625150834e+04 
       6.467882727314e-03       2.189685516107e+04 
       6.593808271523e-03       2.215249826292e+04 
       6.719852117003e-03       2.240327280441e+04 
       6.846008550074e-03       2.264927998258e+04 
       6.972272258323e-03       2.289054080265e+04 
       7.098638298288e-03       2.312725956066e+04 
       7.225102066171e-03       2.335896415811e+04 
       7.351659271267e-03       2.358606779443e+04 
       7.478305911822e-03       2.380946303844e+04 
       7.605038253079e-03       2.402733891121e+04 
       7.731852807295e-03       2.424130709999e+04 
       7.858746315511e-03       2.445034989763e+04 
       7.985715730933e-03       2.465543362937e+04 
       8.112758203737e-03       2.485575726289e+04 
       8.239871067185e-03       2.505203949163e+04 
       8.367051824901e-03       2.524388262431e+04 
       8.494298139227e-03       2.543264298214e+04 
       8.621607820532e-03       2.561623564362e+04 
       8.748978817398e-03       2.579568939415e+04 
       8.876409207605e-03       2.597117044890e+04 
       9.003897189834e-03       2.614166176279e+04 
       9.131441076030e-03       2.630900189086e+04 
       9.259039284372e-03       2.647231400953e+04 
       9.386690332775e-03       2.663182072355e+04 
       9.514392832911e-03       2.678761152671e+04 
       9.642145484672e-03       2.694027656368e+04 
       9.769947071064e-03       2.708751433679e+04 
       9.897796453473e-03       2.723275927747e+04 
       1.002569256729e-02       2.737252686789e+04 
       1.015363441788e-02       2.750951233954e+04 
       1.028162107678e-02       2.764298296181e+04 
       1.040965167826e-02       2.777279306890e+04 
       1.053772541607e-02       2.789999215931e+04 
       1.066584154048e-02       2.802199497449e+04 
       1.079399935542e-02       2.814238206660e+04 
       1.092219821597e-02       2.825830592848e+04 
       1.105043752594e-02       2.837015684878e+04 
       1.117871673559e-02       2.847996218063e+04 
       1.130703533962e-02       2.858635423826e+04 
       1.143539287518e-02       2.868849068693e+04 
       1.156378892013e-02       2.878786209088e+04 
       1.169222309131e-02       2.888473741683e+04 
       1.182069504305e-02       2.897864113236e+04 
       1.194920446565e-02       2.906796425071e+04 
       1.207775108412e-02       2.915512199314e+04 
       1.220633465685e-02       2.923991171141e+04 
       1.233495497450e-02       2.932036392715e+04 
       1.246361185890e-02       2.939951100902e+04 
       1.259230516205e-02       2.947477581308e+04 
       1.272103476518e-02       2.954617166682e+04 
       1.284980057793e-02       2.961655296353e+04 
       1.297860253747e-02       2.968327467846e+04 
       1.310744060785e-02       2.974721150069e+04 
       1.323631477923e-02       2.980766936487e+04 
       1.336522506732e-02       2.986689217309e+04 
       1.349417151276e-02       2.992279944930e+04 
       1.362315418059e-02       2.997508026983e+04 
       1.375217315977e-02       3.002606226564e+04 
       1.388122856272e-02       3.007362677518e+04 
       1.401032052491e-02       3.011869577964e+04 
       1.413944920449e-02       3.016229121814e+04 
       1.426861478198e-02       3.020320418621e+04 
       1.439781745993e-02       3.024115329958e+04 
       1.452705746267e-02       3.027606969724e+04 
       1.465633503606e-02       3.030966766166e+04 
       1.478565044732e-02       3.034019656436e+04 
       1.491500398479e-02       3.036900630560e+04 
       1.504439595782e-02       3.039438849213e+04 
       1.517382669663e-02       3.041848471981e+04 
       1.530329655222e-02       3.044046508632e+04 
       1.543280589626e-02       3.045941454614e+04 
       1.556235512106e-02       3.047715162741e+04 
       1.569194463955e-02       3.049239891310e+04 
       1.582157488523e-02       3.050547484744e+04 
       1.595124631222e-02       3.051529894083e+04 
       1.608095939525e-02       3.052482660409e+04 
       1.621071462977e-02       3.053161794564e+04 
       1.634051253195e-02       3.053573691734e+04 
       1.647035363882e-02       3.053926329537e+04 
       1.660023850836e-02       3.053975599083e+04 
       1.673016771962e-02       3.053846000401e+04 
       1.686014187289e-02       3.053493836774e+04 
       1.699016158981e-02       3.053013617018e+04 
       1.712022751362e-02       3.052321169327e+04 
       1.725034030930e-02       3.051492342114e+04 
       1.738050066378e-02       3.050426082766e+04 
       1.751070928623e-02       3.049191369014e+04 
       1.764096690824e-02       3.047783371746e+04 
       1.777127428412e-02       3.046226269185e+04 
       1.790163219117e-02       3.044534342653e+04 
       1.803204142998e-02       3.042626535686e+04 
       1.816250282475e-02       3.040532826305e+04 
       1.829301722359e-02       3.038290684513e+04 
       1.842358549890e-02       3.035866292373e+04 
       1.855420854773e-02       3.033314987072e+04 
       1.868488729212e-02       3.030599021139e+04 
       1.881562267958e-02       3.027774989180e+04 
       1.894641568341e-02       3.024772126088e+04 
       1.907726730318e-02       3.021627832203e+04 
       1.920817856520e-02       3.018316348309e+04 
       1.933915052294e-02       3.014809926287e+04 
       1.947018425754e-02       3.011271821500e+04 
       1.960128087831e-02       3.007511507774e+04 
       1.973244152325e-02       3.003607547618e+04 
       1.986366735962e-02       2.999640204518e+04 
       1.999495958443e-02       2.995493306105e+04 
       2.012631942509e-02       2.991252712213e+04 
       2.025774813998e-02       2.986815953169e+04 
       2.038924701908e-02       2.982350647539e+04 
       2.052081738458e-02       2.977659946742e+04 
       2.065246059159e-02       2.972940598489e+04 
       2.078417802879e-02       2.968004485312e+04 
       2.091597111917e-02       2.963003136748e+04 
       2.104784132070e-02       2.957885890999e+04 
       2.117979012716e-02       2.952656041046e+04 
       2.131181906885e-02       2.947305100589e+04 
       2.144392971344e-02       2.941866682264e+04 
       2.157612366676e-02       2.936300132678e+04 
       2.170840257370e-02       2.930643440144e+04 
       2.184076811904e-02       2.924875381642e+04 
       2.197322202839e-02       2.919045483989e+04 
       2.210576606911e-02       2.913046309651e+04 
       2.223840205129e-02       2.906979790083e+04 
       2.237113182875e-02       2.900816190574e+04 
       2.250395730004e-02       2.894577700225e+04 
       2.263688040953e-02       2.888268370458e+04 
       2.276990314848e-02       2.881802119423e+04 
       2.290302755620e-02       2.875267673848e+04 
       2.303625572116e-02       2.868703253319e+04 
       2.316958978224e-02       2.861979763370e+04 
       2.330303192994e-02       2.855192361304e+04 
       2.343658440765e-02       2.848340938054e+04 
       2.357024951299e-02       2.841420107262e+04 
       2.370402959915e-02       2.834397587459e+04 
       2.383792707629e-02       2.827309070060e+04 
       2.397194441298e-02       2.820145338913e+04 
       2.410608413772e-02       2.812913860723e+04 
       2.424034884045e-02       2.805613473516e+04 
       2.437474117413e-02       2.798242596107e+04 
       2.450926385643e-02       2.790802766380e+04 
       2.464391967137e-02       2.783309097122e+04 
       2.477871147108e-02       2.775723144702e+04 
       2.491364217764e-02       2.768092428976e+04 
       2.504871478491e-02       2.760396643721e+04 
       2.518393236044e-02       2.752649313004e+04 
       2.531929804753e-02       2.744851516927e+04 
       2.545481506721e-02       2.736960297782e+04 
       2.559048672043e-02       2.729061908236e+04 
       2.572631639019e-02       2.721083814884e+04 
       2.586230754389e-02       2.713069368383e+04 
       2.599846373563e-02       2.704968789642e+04 
       2.613478860864e-02       2.696832347368e+04 
       2.627128589783e-02       2.688678469646e+04 
       2.640795943235e-02       2.680453211822e+04 
       2.654481313834e-02       2.672192415730e+04 
       2.668185104166e-02       2.663876031453e+04 
       2.681907727080e-02       2.655526862655e+04 
       2.695649605989e-02       2.647127559233e+04 
       2.709411175178e-02       2.638701822506e+04 
       2.723192880125e-02       2.630225743166e+04 
       2.736995177834e-02       2.621718568883e+04 
       2.750818537180e-02       2.613177078913e+04 
       2.764663439267e-02       2.604591318128e+04 
       2.778530377798e-02       2.595980424602e+04 
       2.792419859462e-02       2.587329899811e+04 
       2.806332404331e-02       2.578663087551e+04 
       2.820268546275e-02       2.569959510951e+04 
       2.834228833393e-02       2.561216028514e+04 
       2.848213828461e-02       2.552462248387e+04 
       2.862224109394e-02       2.543649775471e+04 
       2.876260269731e-02       2.534850144533e+04 
       2.890322919136e-02       2.526002328418e+04 
       2.904412683917e-02       2.517138431476e+04 
       2.918530207574e-02       2.508257875438e+04 
       2.932676151356e-02       2.499350023129e+04 
       2.946851194856e-02       2.490420021483e+04 
       2.961056036619e-02       2.481473705065e+04 
       2.975291394777e-02       2.472505994027e+04 
       2.989558007716e-02       2.463528252490e+04 
       3.003856634766e-02       2.454522633555e+04 
       3.018188056920e-02       2.445509137306e+04 
       3.032553077590e-02       2.436478070617e+04 
       3.046952523388e-02       2.427429770584e+04 
       3.061387244942e-02       2.418382118537e+04 
       3.075858117756e-02       2.409300966288e+04 
       3.090366043099e-02       2.400215165967e+04 
       3.104911948936e-02       2.391120356944e+04 
       3.119496790904e-02       2.382021523094e+04 
       3.134121553329e-02       2.372908278388e+04 
       3.148787250294e-02       2.363787010578e+04 
       3.163494926751e-02       2.354656171588e+04 
       3.178245659687e-02       2.345516934670e+04 
       3.193040559352e-02       2.336370234589e+04 
       3.207880770531e-02       2.327215003360e+04 
       3.222767473895e-02       2.318061401056e+04 
       3.237701887399e-02       2.308909765295e+04 
       3.252685267768e-02       2.299737176342e+04 
       3.267718912040e-02       2.290562289366e+04 
       3.282804159196e-02       2.281396400060e+04 
       3.297942391870e-02       2.272219336651e+04 
       3.313135038145e-02       2.263045489705e+04 
       3.328383573446e-02       2.253871950655e+04 
       3.343689522523e-02       2.244693339777e+04 
       3.359054461550e-02       2.235508021876e+04 
       3.374480020328e-02       2.226332456341e+04 
       3.389967884607e-02       2.217151610390e+04 
       3.405519798537e-02       2.207983537442e+04 
       3.421137567256e-02       2.198798724452e+04 
       3.436823059615e-02       2.189619249242e+04 
       3.452578211058e-02       2.180449622878e+04 
       3.468405026675e-02       2.171274566264e+04 
       3.484305584417e-02       2.162108358611e+04 
       3.500282038504e-02       2.152937005962e+04 
       3.516336623039e-02       2.143773372593e+04 
       3.532471655825e-02       2.134607663052e+04 
       3.548689542424e-02       2.125451653917e+04 
       3.564992780451e-02       2.116296992139e+04 
       3.581383964148e-02       2.107151088647e+04 
       3.597865789225e-02       2.097997608066e+04 
       3.614441058025e-02       2.088857345202e+04 
       3.631112685004e-02       2.079723225711e+04 
       3.647883702578e-02       2.070584196500e+04 
       3.664757267342e-02       2.061460630665e+04 
       3.681736666713e-02       2.052327343708e+04 
       3.698825326013e-02       2.043218403849e+04 
       3.716026816035e-02       2.034087055539e+04 
       3.733344861134e-02       2.024989945058e+04 
       3.750783347885e-02       2.015876986985e+04 
       3.768346334353e-02       2.006760316342e+04 
       3.786038060029e-02       1.997664015002e+04 
       3.803862956493e-02       1.988562697787e+04 
       3.821825658870e-02       1.979466948874e+04 
       3.839931018132e-02       1.970374313866e+04 
       3.858184114354e-02       1.961293140446e+04 
       3.876590270982e-02       1.952206221824e+04 
       3.895155070223e-02       1.943117870117e+04 
       3.913884369662e-02       1.934031309637e+04 
       3.932784320221e-02       1.924957674870e+04 
       3.951861385591e-02       1.915879471391e+04 
       3.971122363287e-02       1.906797685623e+04 
       3.990574407481e-02       1.897716981642e+04 
       4.010225053812e-02       1.888636059913e+04 
       4.030082246357e-02       1.879552569689e+04 
       4.050154367006e-02       1.870461918351e+04 
       4.070450267498e-02       1.861374646727e+04 
       4.090979304403e-02       1.852302651018e+04 
       4.111751377388e-02       1.843199268805e+04 
       4.132776971122e-02       1.834095080135e+04 
       4.154067201265e-02       1.824990575443e+04 
       4.175633864988e-02       1.815872842186e+04 
       4.197489496598e-02       1.806726087820e+04 
       4.219647428865e-02       1.797625257454e+04 
       4.242121860772e-02       1.788473352694e+04 
       4.264927932490e-02       1.779329086390e+04 
       4.288081808523e-02       1.770157143138e+04 
       4.311600770083e-02       1.760978516841e+04 
       4.335503317948e-02       1.751771718876e+04 
       4.359809287218e-02       1.742561548644e+04 
       4.384539975661e-02       1.733313232574e+04 
       4.409718287562e-02       1.724060976950e+04 
       4.435368895361e-02       1.714767383472e+04 
       4.461518421712e-02       1.705454373557e+04 
       4.488195645097e-02       1.696114410430e+04 
       4.515431732658e-02       1.686742821149e+04 
       4.543260504587e-02       1.677316915925e+04 
       4.571718735258e-02       1.667861443826e+04 
       4.600846497209e-02       1.658378881792e+04 
       4.630687555353e-02       1.648849205266e+04 
       4.661289820228e-02       1.639248261285e+04 
       4.692705870917e-02       1.629609778155e+04 
       4.724993560504e-02       1.619907122942e+04 
       4.758216719709e-02       1.610145835777e+04 
       4.792445977758e-02       1.600312353572e+04 
       4.827759723901e-02       1.590401833295e+04 
       4.864245238330e-02       1.580397889130e+04 
       4.902000028093e-02       1.570312543415e+04 
       4.941133412186e-02       1.560115720649e+04 
       4.981768410890e-02       1.549818639986e+04 
       5.024044008320e-02       1.539387361696e+04 
       5.068117874794e-02       1.528832318816e+04 
       5.114169658167e-02       1.518109151100e+04 
       5.162404981951e-02       1.507233775602e+04 
       5.213060324408e-02       1.496157433120e+04 
       5.266408998514e-02       1.484870220414e+04 
       5.322768509283e-02       1.473324862916e+04 
       5.382509633097e-02       1.461540224621e+04 
       5.446067641672e-02       1.449407769118e+04 
       5.513956174036e-02       1.436920355818e+04 
       5.586784324194e-02       1.423980392775e+04 
       5.665277516986e-02       1.410517812321e+04 
       5.750302599248e-02       1.396437869415e+04 
       5.842897098166e-02       1.381602666345e+04 
       5.944301455561e-02       1.365843242906e+04 
       6.055990642159e-02       1.348893226848e+04 
       6.179696958280e-02       1.330451872993e+04 
       6.317407888544e-02       1.310078410873e+04 
       6.471311099299e-02       1.287235313730e+04 
       6.643645908405e-02       1.261242736841e+04 
       6.836418505102e-02       1.231249113098e+04 
       7.050972010397e-02       1.196414531871e+04 
       7.287497821874e-02       1.155950696555e+04 
       7.544704678235e-02       1.109626145492e+04 
       7.819894988700e-02       1.057840211076e+04 
       8.109501990505e-02       1.001832561161e+04 
       8.409832978021e-02       9.435218623154e+03 
       8.717660360903e-02       8.851642836136e+03 
       9.030486306864e-02       8.289842875281e+03 
       9.346535864985e-02       7.768519392174e+03 
       9.664618413580e-02       7.300964206695e+03 
       9.983964801334e-02       6.894587903012e+03 
       1.030408991072e-01       6.551139134481e+03 
       1.062469231084e-01       6.267250182490e+03 
       1.094558642030e-01       6.035958160207e+03 
       1.126665861693e-01       5.847338808581e+03 
       1.158783956365e-01       5.690013483315e+03 
       1.190908702521e-01       5.552075584161e+03 
       1.223037529661e-01       5.422047403932e+03 
       1.255168873526e-01       5.290333626838e+03 
       1.287301781704e-01       5.149233684675e+03 
       1.319435673615e-01       4.994364122222e+03 
       1.351570194622e-01       4.823893184802e+03 
       1.383705127404e-01       4.639426426907e+03 
       1.415840338148e-01       4.444355173196e+03 
       1.447975743866e-01       4.244121753961e+03 
       1.480111292558e-01       4.044629931704e+03 
       1.512246951155e-01       3.851782559356e+03 
       1.544382698193e-01       3.670715972811e+03 
       1.576518519362e-01       3.505468764226e+03 
       1.608654404787e-01       3.358494572339e+03 
       1.640790347378e-01       3.230820837080e+03 
       1.672926341812e-01       3.121917710742e+03 
       1.705062383916e-01       3.030155781233e+03 
       1.737198470282e-01       2.952796286418e+03 
       1.769334598026e-01       2.886545608361e+03 
       1.801470764642e-01       2.827837127231e+03 
       1.833606967900e-01       2.773235824732e+03 
       1.865743205790e-01       2.719882608784e+03 
       1.897879476478e-01       2.664409108128e+03 
       1.930015778273e-01       2.604888644276e+03 
       1.962152109612e-01       2.540192983414e+03 
       1.994288469042e-01       2.470287495353e+03 
       2.026424855206e-01       2.395853308888e+03 
       2.058561266840e-01       2.318445020875e+03 
       2.090697702755e-01       2.239857935581e+03 
       2.122834161839e-01       2.162096437961e+03 
       2.154970643047e-01       2.086889750058e+03 
       2.187107145395e-01       2.015728472232e+03 
       2.219243667959e-01       1.949712469214e+03 
       2.251380209865e-01       1.889513203456e+03 
       2.283516770293e-01       1.835432396983e+03 
       2.315653348464e-01       1.787390687807e+03 
       2.347789943646e-01       1.744865160454e+03 
       2.379926555145e-01       1.707177562259e+03 
       2.412063182303e-01       1.673303719520e+03 
       2.444199824501e-01       1.642093409336e+03 
       2.476336481148e-01       1.612395142920e+03 
       2.508473151685e-01       1.583160495203e+03 
       2.540609835582e-01       1.553555191768e+03 
       2.572746532335e-01       1.523007571126e+03 
       2.604883241465e-01       1.491206893747e+03 
       2.637019962518e-01       1.458078978544e+03 
       2.669156695060e-01       1.423785291121e+03 
       2.701293438679e-01       1.388659599975e+03 
       2.733430192981e-01       1.353145086447e+03 
       2.765566957592e-01       1.317841239704e+03 
       2.797703732154e-01       1.283308766812e+03 
       2.829840516328e-01       1.250088783375e+03 
       2.861977309786e-01       1.218647176682e+03 
       2.894114112219e-01       1.189263713073e+03 
       2.926250923329e-01       1.162064510281e+03 
       2.958387742831e-01       1.137008456204e+03 
       2.990524570454e-01       1.113917330459e+03 
       3.022661405937e-01       1.092570107080e+03 
       3.054798249031e-01       1.072617509820e+03 
       3.086935099496e-01       1.053745934217e+03 
       3.119071957105e-01       1.035629553943e+03 
       3.151208821637e-01       1.017942016968e+03 
       3.183345692881e-01       1.000419172312e+03 
       3.215482570636e-01       9.828231830801e+02 
       3.247619454707e-01       9.650025261685e+02 
       3.279756344907e-01       9.469142313028e+02 
       3.311893241057e-01       9.285931331135e+02 
       3.344030142985e-01       9.101292251253e+02 
       3.376167050525e-01       8.916990705266e+02 
       3.408303963518e-01       8.734386290524e+02 
       3.440440881810e-01       8.555430769192e+02 
       3.472577805253e-01       8.381273687870e+02 
       3.504714733704e-01       8.213221288242e+02 
       3.536851667028e-01       8.052244154051e+02 
       3.568988605091e-01       7.898928769885e+02 
       3.601125547766e-01       7.753475613751e+02 
       3.633262494930e-01       7.615716073654e+02 
       3.665399446465e-01       7.485124850328e+02 
       3.697536402256e-01       7.360704172716e+02 
       3.729673362193e-01       7.241214403147e+02 
       3.761810326169e-01       7.125459006999e+02 
       3.793947294080e-01       7.012412076807e+02 
       3.826084265828e-01       6.901129716547e+02 
       3.858221241315e-01       6.791027254709e+02 
       3.890358220450e-01       6.681651270964e+02 
       3.922495203141e-01       6.572879715476e+02 
       3.954632189303e-01       6.464622063855e+02 
       3.986769178850e-01       6.356994160589e+02 
       4.018906171701e-01       6.250217196686e+02 
       4.051043167777e-01       6.144592502989e+02 
       4.083180167002e-01       6.040673025536e+02 
       4.115317169302e-01       5.938955067336e+02 
       4.147454174604e-01       5.839869748290e+02 
       4.179591182840e-01       5.743700646856e+02 
       4.211728193942e-01       5.650529752462e+02 
       4.243865207845e-01       5.560501491976e+02 
       4.276002224484e-01       5.473397307297e+02 
       4.308139243800e-01       5.389137913945e+02 
       4.340276265731e-01       5.307540833135e+02 
       4.372413290221e-01       5.228423286488e+02 
       4.404550317212e-01       5.151552483067e+02 
       4.436687346651e-01       5.076683040441e+02 
       4.468824378485e-01       5.003441965922e+02 
       4.500961412661e-01       4.931563125975e+02 
       4.533098449130e-01       4.860717467545e+02 
       4.565235487844e-01       4.790761299441e+02 
       4.597372528755e-01       4.721549408993e+02 
       4.629509571817e-01       4.653180526334e+02 
       4.661646616986e-01       4.585624661267e+02 
       4.693783664218e-01       4.518988842871e+02 
       4.725920713470e-01       4.453411209041e+02 
       4.758057764703e-01       4.388852837701e+02 
       4.790194817875e-01       4.325473127541e+02 
       4.822331872949e-01       4.263346207280e+02 
       4.854468929885e-01       4.202565107301e+02 
       4.886605988648e-01       4.143278840691e+02 
       4.918743049200e-01       4.085552292179e+02 
       4.950880111509e-01       4.029414462654e+02 
       4.983017175538e-01       3.974684840250e+02 
       5.015154241256e-01       3.921320435254e+02 
       5.047291308629e-01       3.869153242103e+02 
       5.079428377626e-01       3.818074781439e+02 
       5.111565448217e-01       3.767967557580e+02 
       5.143702520371e-01       3.718728079835e+02 
       5.175839594059e-01       3.670365415156e+02 
       5.207976669254e-01       3.622757148426e+02 
       5.240113745926e-01       3.575876161361e+02 
       5.272250824049e-01       3.529619327117e+02 
       5.304387903596e-01       3.483957583704e+02 
       5.336524984542e-01       3.438934437742e+02 
       5.368662066862e-01       3.394554232383e+02 
       5.400799150530e-01       3.350900180481e+02 
       5.432936235524e-01       3.308034362624e+02 
       5.465073321818e-01       3.265988195742e+02 
       5.497210409391e-01       3.224737137311e+02 
       5.529347498220e-01       3.184264498746e+02 
       5.561484588284e-01       3.144563086614e+02 
       5.593621679560e-01       3.105613050876e+02 
       5.625758772029e-01       3.067388536114e+02 
       5.657895865669e-01       3.029921441117e+02 
       5.690032960461e-01       2.993196324345e+02 
       5.722170056386e-01       2.957179726070e+02 
       5.754307153424e-01       2.921822582641e+02 
       5.786444251557e-01       2.887046440024e+02 
       5.818581350766e-01       2.852800275567e+02 
       5.850718451034e-01       2.819092599181e+02 
       5.882855552343e-01       2.785880950664e+02 
       5.914992654677e-01       2.753161918224e+02 
       5.947129758018e-01       2.720980586464e+02 
       5.979266862351e-01       2.689310622339e+02 
       6.011403967659e-01       2.658097081723e+02 
       6.043541073927e-01       2.627373517822e+02 
       6.075678181140e-01       2.597052469725e+02 
       6.107815289282e-01       2.567199007633e+02 
       6.139952398340e-01       2.537795938473e+02 
       6.172089508298e-01       2.508906954279e+02 
       6.204226619142e-01       2.480499465352e+02 
       6.236363730860e-01       2.452579841349e+02 
       6.268500843437e-01       2.425152961365e+02 
       6.300637956860e-01       2.398167936183e+02 
       6.332775071117e-01       2.371604087809e+02 
       6.364912186194e-01       2.345450659152e+02 
       6.397049302080e-01       2.319707484265e+02 
       6.429186418761e-01       2.294380120340e+02 
       6.461323536227e-01       2.269462350086e+02 
       6.493460654466e-01       2.244906984451e+02 
       6.525597773465e-01       2.220769685332e+02 
       6.557734893215e-01       2.196960448372e+02 
       6.589872013703e-01       2.173457733170e+02 
       6.622009134920e-01       2.150280408149e+02 
       6.654146256854e-01       2.127437878231e+02 
       6.686283379495e-01       2.104915558854e+02 
       6.718420502833e-01       2.082733373603e+02 
       6.750557626859e-01       2.060903042314e+02 
       6.782694751561e-01       2.039390895604e+02 
       6.814831876931e-01       2.018167660673e+02 
       6.846969002959e-01       1.997253057611e+02 
       6.879106129637e-01       1.976624942229e+02 
       6.911243256954e-01       1.956281469717e+02 
       6.943380384902e-01       1.936271295460e+02 
       6.975517513472e-01       1.916559717838e+02 
       7.007654642656e-01       1.897135577346e+02 
       7.039791772445e-01       1.878029784831e+02 
       7.071928902832e-01       1.859161774427e+02 
       7.104066033807e-01       1.840545771432e+02 
       7.136203165362e-01       1.822180254622e+02 
       7.168340297491e-01       1.804068294490e+02 
       7.200477430186e-01       1.786212577778e+02 
       7.232614563438e-01       1.768610788928e+02 
       7.264751697240e-01       1.751268026939e+02 
       7.296888831586e-01       1.734142130333e+02 
       7.329025966467e-01       1.717257045565e+02 
       7.952445944014e-01       1.430302462821e+02 
       8.823178854833e-01       1.130722497857e+02 
       1.016372514571e+00       8.178698183055e+01 
       1.233510056474e+00       5.213093971255e+01 
       1.546092524711e+00       3.054294787295e+01 
