# Matter power spectrum P(k) at redshift z=0
# for k=1.01961e-05 to 1.56726 h/Mpc,
# number of wavenumbers equal to 599
#    1:k (h/Mpc)              2:P (Mpc/h)^3        
       1.019610462037e-05       5.768574423903e+01 
       2.307583165754e-05       1.265568395275e+02 
       3.600016919696e-05       1.941285622814e+02 
       4.900388269140e-05       2.611769511586e+02 
       6.212230656058e-05       3.281370129527e+02 
       7.539165919790e-05       3.953318150103e+02 
       8.884936796869e-05       4.630358171836e+02 
       1.025344085249e-04       5.315006125911e+02 
       1.164876627936e-04       6.009680035398e+02 
       1.307523000313e-04       6.716778034107e+02 
       1.453741853422e-04       7.438731797382e+02 
       1.604023200007e-04       8.178047436810e+02 
       1.758893177446e-04       8.937339614994e+02 
       1.918919208368e-04       9.719362254001e+02 
       2.084715590456e-04       1.052703738557e+03 
       2.256949536224e-04       1.136348312161e+03 
       2.436347667049e-04       1.223204141604e+03 
       2.623702941179e-04       1.313630547552e+03 
       2.819881960135e-04       1.408014695936e+03 
       3.025832548621e-04       1.506774230358e+03 
       3.242591435895e-04       1.610359742211e+03 
       3.471291777592e-04       1.719256961215e+03 
       3.713170142392e-04       1.833988486746e+03 
       3.969572445062e-04       1.955114841602e+03 
       4.241958136552e-04       2.083234549178e+03 
       4.531901768052e-04       2.218982865604e+03 
       4.841090842653e-04       2.363028729721e+03 
       5.171318680746e-04       2.516069419602e+03 
       5.524470894296e-04       2.678822398867e+03 
       5.902504049009e-04       2.852013777157e+03 
       6.307415265789e-04       3.036363025041e+03 
       6.741201953279e-04       3.232563643938e+03 
       7.205811636491e-04       3.441259957692e+03 
       7.703082971600e-04       3.663020619523e+03 
       8.234680448858e-04       3.898310109851e+03 
       8.802026804943e-04       4.147459991851e+03 
       9.406238496239e-04       4.410642502437e+03 
       1.004807035796e-03       4.687849204827e+03 
       1.072787545286e-03       4.978877381715e+03 
       1.144558492162e-03       5.283326237930e+03 
       1.220071047859e-03       5.600604134386e+03 
       1.299236943886e-03       5.929946266561e+03 
       1.381932939741e-03       6.270424814714e+03 
       1.468006750287e-03       6.620998399160e+03 
       1.557283808763e-03       6.980591976605e+03 
       1.649574234641e-03       7.348058051623e+03 
       1.744679462130e-03       7.722238058761e+03 
       1.842398129710e-03       8.101990026137e+03 
       1.942530993896e-03       8.486211133553e+03 
       2.044884779542e-03       8.873854531754e+03 
       2.149274995133e-03       9.263941057780e+03 
       2.255527818507e-03       9.655566114119e+03 
       2.363481199060e-03       1.004790350343e+04 
       2.472985334819e-03       1.044020352438e+04 
       2.583902675803e-03       1.083179191492e+04 
       2.696107587173e-03       1.122206890077e+04 
       2.809485783098e-03       1.161049960591e+04 
       2.923933619118e-03       1.199661229527e+04 
       3.039357309680e-03       1.237999286660e+04 
       3.155672119465e-03       1.276027785156e+04 
       3.272801562502e-03       1.313715343603e+04 
       3.390676631652e-03       1.351034308852e+04 
       3.509235072500e-03       1.387961188182e+04 
       3.628420709371e-03       1.424475434848e+04 
       3.748182826784e-03       1.460559727588e+04 
       3.868475606638e-03       1.496199066816e+04 
       3.989257619378e-03       1.531380852689e+04 
       4.110491366243e-03       1.566094880288e+04 
       4.232142868950e-03       1.600331851356e+04 
       4.354181302884e-03       1.634084959204e+04 
       4.476578669823e-03       1.667348382182e+04 
       4.599309506293e-03       1.700117830296e+04 
       4.722350623900e-03       1.732393036387e+04 
       4.845680878199e-03       1.764162641257e+04 
       4.969280963001e-03       1.795427247069e+04 
       5.093133227251e-03       1.826193691438e+04 
       5.217221511958e-03       1.856474381946e+04 
       5.341531004865e-03       1.886236081513e+04 
       5.466048110855e-03       1.915498346649e+04 
       5.590760336271e-03       1.944262139324e+04 
       5.715656185561e-03       1.972529674061e+04 
       5.840725068848e-03       2.000303984594e+04 
       5.965957219163e-03       2.027588493781e+04 
       6.091343618258e-03       2.054383641870e+04 
       6.216875930027e-03       2.080691234518e+04 
       6.342546440681e-03       2.106522508691e+04 
       6.468348004931e-03       2.131889338661e+04 
       6.594273997511e-03       2.156768145246e+04 
       6.720318269458e-03       2.181168681831e+04 
       6.846475108640e-03       2.205111381029e+04 
       6.972739204065e-03       2.228591196858e+04 
       7.099105613579e-03       2.251613429349e+04 
       7.225569734590e-03       2.274181983967e+04 
       7.352127277502e-03       2.296293705452e+04 
       7.478774241587e-03       2.317962537286e+04 
       7.605506893040e-03       2.339203231201e+04 
       7.732321744993e-03       2.359978029879e+04 
       7.859215539303e-03       2.380352390479e+04 
       7.986185229929e-03       2.400301029103e+04 
       8.113227967752e-03       2.419811582646e+04 
       8.240341086682e-03       2.438902522808e+04 
       8.367522090955e-03       2.457576362694e+04 
       8.494768643477e-03       2.475853970150e+04 
       8.622078555146e-03       2.493704758529e+04 
       8.749449775038e-03       2.511180213885e+04 
       8.876880381394e-03       2.528246326594e+04 
       9.004368573327e-03       2.544925638811e+04 
       9.131912663189e-03       2.561188364931e+04 
       9.259511069538e-03       2.577094159310e+04 
       9.387162310647e-03       2.592628773001e+04 
       9.514864998524e-03       2.607774889864e+04 
       9.642617833377e-03       2.622539189758e+04 
       9.770419598510e-03       2.636924892185e+04 
       9.898269155591e-03       2.650971186361e+04 
       1.002616544028e-02       2.664664747363e+04 
       1.015410745818e-02       2.678027334357e+04 
       1.028209428108e-02       2.690990495758e+04 
       1.041012504348e-02       2.703643247101e+04 
       1.053819893934e-02       2.715912463194e+04 
       1.066631521911e-02       2.727884480677e+04 
       1.079447318695e-02       2.739509938302e+04 
       1.092267219811e-02       2.750797039561e+04 
       1.105091165656e-02       2.761737202172e+04 
       1.117919101275e-02       2.772399755520e+04 
       1.130750976152e-02       2.782718028926e+04 
       1.143586744020e-02       2.792717865082e+04 
       1.156426362677e-02       2.802387388526e+04 
       1.169269793824e-02       2.811792891318e+04 
       1.182117002905e-02       2.820846066562e+04 
       1.194967958964e-02       2.829623124185e+04 
       1.207822634515e-02       2.838102406382e+04 
       1.220681005408e-02       2.846299648826e+04 
       1.233543050722e-02       2.854208313620e+04 
       1.246408752651e-02       2.861799341666e+04 
       1.259278096405e-02       2.869108385170e+04 
       1.272151070120e-02       2.876152008808e+04 
       1.285027664767e-02       2.882936504254e+04 
       1.297907874076e-02       2.889404696916e+04 
       1.310791694460e-02       2.895646680492e+04 
       1.323679124945e-02       2.901577931026e+04 
       1.336570167112e-02       2.907286185810e+04 
       1.349464825034e-02       2.912698746867e+04 
       1.362363105223e-02       2.917899207849e+04 
       1.375265016584e-02       2.922816375698e+04 
       1.388170570367e-02       2.927483269319e+04 
       1.401079780129e-02       2.931901680108e+04 
       1.413992661694e-02       2.936065854929e+04 
       1.426909233120e-02       2.940006063016e+04 
       1.439829514670e-02       2.943693211355e+04 
       1.452753528786e-02       2.947155513383e+04 
       1.465681300063e-02       2.950354752430e+04 
       1.478612855229e-02       2.953343571335e+04 
       1.491548223126e-02       2.956123944492e+04 
       1.504487434698e-02       2.958679036099e+04 
       1.517430522975e-02       2.960994507009e+04 
       1.530377523062e-02       2.963100352183e+04 
       1.543328472135e-02       2.964966891814e+04 
       1.556283409434e-02       2.966663286921e+04 
       1.569242376258e-02       2.968130297958e+04 
       1.582205415965e-02       2.969381873915e+04 
       1.595172573974e-02       2.970431328265e+04 
       1.608143897768e-02       2.971292143838e+04 
       1.621119436896e-02       2.971943834595e+04 
       1.634099242986e-02       2.972411119611e+04 
       1.647083369747e-02       2.972663217758e+04 
       1.660071872985e-02       2.972739665781e+04 
       1.673064810614e-02       2.972623654634e+04 
       1.686062242669e-02       2.972322014633e+04 
       1.699064231323e-02       2.971821587425e+04 
       1.712070840908e-02       2.971168651988e+04 
       1.725082137929e-02       2.970331948861e+04 
       1.738098191089e-02       2.969300858671e+04 
       1.751119071312e-02       2.968111450840e+04 
       1.764144851765e-02       2.966747230902e+04 
       1.777175607889e-02       2.965223799791e+04 
       1.790211417421e-02       2.963523890321e+04 
       1.803252360431e-02       2.961662303192e+04 
       1.816298519344e-02       2.959635580685e+04 
       1.829349978982e-02       2.957466613435e+04 
       1.842406826595e-02       2.955127067184e+04 
       1.855469151896e-02       2.952640099729e+04 
       1.868537047099e-02       2.949999946559e+04 
       1.881610606964e-02       2.947216721853e+04 
       1.894689928829e-02       2.944280894776e+04 
       1.907775112664e-02       2.941199635543e+04 
       1.920866261108e-02       2.937973326954e+04 
       1.933963479519e-02       2.934611393205e+04 
       1.947066876020e-02       2.931115646159e+04 
       1.960176561554e-02       2.927478080727e+04 
       1.973292649931e-02       2.923714609772e+04 
       1.986415257888e-02       2.919820254921e+04 
       1.999544505137e-02       2.915781522230e+04 
       2.012680514430e-02       2.911635121870e+04 
       2.025823411618e-02       2.907351885485e+04 
       2.038973325708e-02       2.902949703183e+04 
       2.052130388934e-02       2.898427779156e+04 
       2.065294736818e-02       2.893789897877e+04 
       2.078466508242e-02       2.889036305830e+04 
       2.091645845514e-02       2.884166790445e+04 
       2.104832894449e-02       2.879181939073e+04 
       2.118027804434e-02       2.874093437631e+04 
       2.131230728515e-02       2.868892189270e+04 
       2.144441823473e-02       2.863583872871e+04 
       2.157661249906e-02       2.858176182838e+04 
       2.170889172315e-02       2.852657617584e+04 
       2.184125759194e-02       2.847040818627e+04 
       2.197371183120e-02       2.841334618854e+04 
       2.210625620844e-02       2.835524838135e+04 
       2.223889253391e-02       2.829617285297e+04 
       2.237162266160e-02       2.823619227066e+04 
       2.250444849022e-02       2.817534503227e+04 
       2.263737196431e-02       2.811359407543e+04 
       2.277039507532e-02       2.805096891894e+04 
       2.290351986273e-02       2.798743112640e+04 
       2.303674841518e-02       2.792319155446e+04 
       2.317008287176e-02       2.785791432973e+04 
       2.330352542316e-02       2.779192225699e+04 
       2.343707831296e-02       2.772525126498e+04 
       2.357074383898e-02       2.765779164967e+04 
       2.370452435462e-02       2.758948625068e+04 
       2.383842227026e-02       2.752048268854e+04 
       2.397244005469e-02       2.745077466072e+04 
       2.410658023663e-02       2.738032932259e+04 
       2.424084540625e-02       2.730919469590e+04 
       2.437523821675e-02       2.723748164730e+04 
       2.450976138603e-02       2.716503520579e+04 
       2.464441769836e-02       2.709187134796e+04 
       2.477921000615e-02       2.701821437159e+04 
       2.491414123172e-02       2.694395944478e+04 
       2.504921436919e-02       2.686903925303e+04 
       2.518443248641e-02       2.679360100533e+04 
       2.531979872695e-02       2.671758702274e+04 
       2.545531631214e-02       2.664095511890e+04 
       2.559098854321e-02       2.656385247726e+04 
       2.572681880349e-02       2.648620355226e+04 
       2.586281056069e-02       2.640810147946e+04 
       2.599896736922e-02       2.632940883301e+04 
       2.613529287266e-02       2.625022786159e+04 
       2.627179080627e-02       2.617077275740e+04 
       2.640846499954e-02       2.609070019460e+04 
       2.654531937897e-02       2.601020729407e+04 
       2.668235797081e-02       2.592935251414e+04 
       2.681958490392e-02       2.584803951867e+04 
       2.695700441283e-02       2.576636518984e+04 
       2.709462084080e-02       2.568423339236e+04 
       2.723243864303e-02       2.560176869824e+04 
       2.737046238999e-02       2.551894386947e+04 
       2.750869677088e-02       2.543582226985e+04 
       2.764714659720e-02       2.535232220882e+04 
       2.778581680645e-02       2.526847114090e+04 
       2.792471246600e-02       2.518429775409e+04 
       2.806383877708e-02       2.509983122902e+04 
       2.820320107890e-02       2.501504683551e+04 
       2.834280485300e-02       2.493009327230e+04 
       2.848265572768e-02       2.484481310784e+04 
       2.862275948266e-02       2.475913956934e+04 
       2.876312205392e-02       2.467338385274e+04 
       2.890374953870e-02       2.458730157787e+04 
       2.904464820071e-02       2.450107172656e+04 
       2.918582447558e-02       2.441458291376e+04 
       2.932728497650e-02       2.432792992227e+04 
       2.946903650007e-02       2.424094565438e+04 
       2.961108603244e-02       2.415374819571e+04 
       2.975344075568e-02       2.406650443644e+04 
       2.989610805441e-02       2.397895159500e+04 
       3.003909552272e-02       2.389151522232e+04 
       3.018241097135e-02       2.380373044848e+04 
       3.032606243527e-02       2.371582184807e+04 
       3.047005818145e-02       2.362780769578e+04 
       3.061440671711e-02       2.353956586621e+04 
       3.075911679820e-02       2.345123270327e+04 
       3.090419743839e-02       2.336292417703e+04 
       3.104965791833e-02       2.327437940359e+04 
       3.119550779542e-02       2.318573147332e+04 
       3.134175691403e-02       2.309697891251e+04 
       3.148841541609e-02       2.300821772194e+04 
       3.163549375227e-02       2.291937454868e+04 
       3.178300269368e-02       2.283039613629e+04 
       3.193095334404e-02       2.274132444348e+04 
       3.207935715253e-02       2.265227648953e+04 
       3.222822592718e-02       2.256309140302e+04 
       3.237757184898e-02       2.247398765377e+04 
       3.252740748662e-02       2.238478494251e+04 
       3.267774581200e-02       2.229555112436e+04 
       3.282860021652e-02       2.220622453612e+04 
       3.297998452817e-02       2.211689354989e+04 
       3.313191302949e-02       2.202768017510e+04 
       3.328440047650e-02       2.193830984972e+04 
       3.343746211858e-02       2.184894793525e+04 
       3.359111371941e-02       2.175958146535e+04 
       3.374537157901e-02       2.167031056664e+04 
       3.390025255701e-02       2.158093466728e+04 
       3.405577409712e-02       2.149158521870e+04 
       3.421195425301e-02       2.140226179510e+04 
       3.436881171559e-02       2.131289534363e+04 
       3.452636584184e-02       2.122364228760e+04 
       3.468463668528e-02       2.113433755616e+04 
       3.484364502818e-02       2.104510593880e+04 
       3.500341241563e-02       2.095590025425e+04 
       3.516396119166e-02       2.086665244109e+04 
       3.532531453750e-02       2.077742923651e+04 
       3.548749651205e-02       2.068834546702e+04 
       3.565053209500e-02       2.059928933844e+04 
       3.581444723238e-02       2.051016280060e+04 
       3.597926888517e-02       2.042115159901e+04 
       3.614502508082e-02       2.033215388270e+04 
       3.631174496816e-02       2.024320972353e+04 
       3.647945887580e-02       2.015431153227e+04 
       3.664819837442e-02       2.006547138858e+04 
       3.681799634315e-02       1.997661808861e+04 
       3.698888704044e-02       1.988783203177e+04 
       3.716090617974e-02       1.979909129111e+04 
       3.733409101044e-02       1.971033359861e+04 
       3.750848040447e-02       1.962170486302e+04 
       3.768411494897e-02       1.953302448120e+04 
       3.786103704577e-02       1.944441484137e+04 
       3.803929101798e-02       1.935587683014e+04 
       3.821892322457e-02       1.926734954463e+04 
       3.839998218352e-02       1.917888312430e+04 
       3.858251870428e-02       1.909034458504e+04 
       3.876658603059e-02       1.900198619756e+04 
       3.895223999439e-02       1.891351637896e+04 
       3.913953918203e-02       1.882515336343e+04 
       3.932854511392e-02       1.873672905924e+04 
       3.951932243893e-02       1.864831839118e+04 
       3.971193914493e-02       1.855999900129e+04 
       3.990646678731e-02       1.847162115792e+04 
       4.010298073703e-02       1.838319371074e+04 
       4.030156045048e-02       1.829477408099e+04 
       4.050228976333e-02       1.820635473665e+04 
       4.070525721097e-02       1.811787506272e+04 
       4.091055637845e-02       1.802953543213e+04 
       4.111828628326e-02       1.794092205066e+04 
       4.132855179457e-02       1.785234261733e+04 
       4.154146409317e-02       1.776370684925e+04 
       4.175714117700e-02       1.767500929358e+04 
       4.197570841747e-02       1.758616698870e+04 
       4.219729917300e-02       1.749728567900e+04 
       4.242205546679e-02       1.740835950030e+04 
       4.265012873683e-02       1.731923460142e+04 
       4.288168066769e-02       1.722997453149e+04 
       4.311688411461e-02       1.714060817172e+04 
       4.335592413248e-02       1.705104358616e+04 
       4.359899912393e-02       1.696129299753e+04 
       4.384632212329e-02       1.687138428016e+04 
       4.409812223566e-02       1.678121961856e+04 
       4.435464625406e-02       1.669084362201e+04 
       4.461616048078e-02       1.660016399904e+04 
       4.488295278446e-02       1.650916667380e+04 
       4.515533492952e-02       1.641794946112e+04 
       4.543364522131e-02       1.632630620938e+04 
       4.571825151885e-02       1.623432213696e+04 
       4.600955467643e-02       1.614189584921e+04 
       4.630799248770e-02       1.604910912018e+04 
       4.661404422051e-02       1.595576410927e+04 
       4.692823584895e-02       1.586189940014e+04 
       4.725114611123e-02       1.576748951530e+04 
       4.758341354994e-02       1.567246209453e+04 
       4.792574472557e-02       1.557667315786e+04 
       4.827892383730e-02       1.548017934275e+04 
       4.864382403911e-02       1.538286620382e+04 
       4.902142080727e-02       1.528464752981e+04 
       4.941280780135e-02       1.518545566926e+04 
       4.981921577008e-02       1.508517833468e+04 
       5.024203519211e-02       1.498368800435e+04 
       5.068284351854e-02       1.488086763004e+04 
       5.114343810970e-02       1.477658572699e+04 
       5.162587624539e-02       1.467066127341e+04 
       5.213252395222e-02       1.456280947608e+04 
       5.266611584861e-02       1.445293119196e+04 
       5.322982877498e-02       1.434072423375e+04 
       5.382737265792e-02       1.422579166680e+04 
       5.446310283813e-02       1.410776962968e+04 
       5.514215889820e-02       1.398607880249e+04 
       5.587063566913e-02       1.386016992305e+04 
       5.665579213844e-02       1.372920080397e+04 
       5.750630252117e-02       1.359214683427e+04 
       5.843254898537e-02       1.344772153552e+04 
       5.944694405846e-02       1.329419985209e+04 
       6.056424663228e-02       1.312913990812e+04 
       6.180178940599e-02       1.294955749557e+04 
       6.317945607596e-02       1.275130318419e+04 
       6.471912866947e-02       1.252900512392e+04 
       6.644319793361e-02       1.227588037974e+04 
       6.837170995303e-02       1.198377216223e+04 
       7.051806220383e-02       1.164430499433e+04 
       7.288411812087e-02       1.125038592791e+04 
       7.545690863533e-02       1.079923429862e+04 
       7.820941343116e-02       1.029496813075e+04 
       8.110594646244e-02       9.749670762887e+03 
       8.410958879328e-02       9.181949399673e+03 
       8.718808867502e-02       8.613963433605e+03 
       9.031649588026e-02       8.067146477624e+03 
       9.347708545615e-02       7.559870762498e+03 
       9.665796969846e-02       7.104963354621e+03 
       9.985146990090e-02       6.709686981346e+03 
       1.030527433020e-01       6.375551306015e+03 
       1.062587809502e-01       6.099472373776e+03 
       1.094677303786e-01       5.874489545731e+03 
       1.126784574323e-01       5.691030126658e+03 
       1.158902700082e-01       5.537974131903e+03 
       1.191027465280e-01       5.403725854756e+03 
       1.223156304131e-01       5.277233240085e+03 
       1.255287655245e-01       5.148989744351e+03 
       1.287420567955e-01       5.011652216858e+03 
       1.319554462740e-01       4.860771418301e+03 
       1.351688985606e-01       4.694907666066e+03 
       1.383823919624e-01       4.515242913870e+03 
       1.415959131219e-01       4.325360578899e+03 
       1.448094537549e-01       4.130478727078e+03 
       1.480230086700e-01       3.936280239033e+03 
       1.512365745659e-01       3.748551826914e+03 
       1.544501492997e-01       3.572363661646e+03 
       1.576637314421e-01       3.411564710234e+03 
       1.608773200071e-01       3.268579403173e+03 
       1.640909142863e-01       3.144366417300e+03 
       1.673045137482e-01       3.038440022516e+03 
       1.705181179758e-01       2.949169347022e+03 
       1.737317266283e-01       2.873918125930e+03 
       1.769453394177e-01       2.809468370195e+03 
       1.801589560933e-01       2.752341020085e+03 
       1.833725764324e-01       2.699170480816e+03 
       1.865862002341e-01       2.647209605269e+03 
       1.897998273148e-01       2.593215998590e+03 
       1.930134575057e-01       2.535274787639e+03 
       1.962270906504e-01       2.472305548721e+03 
       1.994407266036e-01       2.404210963703e+03 
       2.026543652299e-01       2.331768099878e+03 
       2.058680064026e-01       2.256453339197e+03 
       2.090816500030e-01       2.179983081066e+03 
       2.122952959199e-01       2.104256273504e+03 
       2.155089440489e-01       2.031067170755e+03 
       2.187225942915e-01       1.961810710663e+03 
       2.219362465553e-01       1.897581270736e+03 
       2.251499007531e-01       1.839001143387e+03 
       2.283635568027e-01       1.786375904098e+03 
       2.315772146264e-01       1.739607375982e+03 
       2.347908741509e-01       1.698259132627e+03 
       2.380045353069e-01       1.661591788252e+03 
       2.412181980286e-01       1.628630136141e+03 
       2.444318622539e-01       1.598249217765e+03 
       2.476455279240e-01       1.569340065067e+03 
       2.508591949829e-01       1.540892096451e+03 
       2.540728633776e-01       1.512073467847e+03 
       2.572865330577e-01       1.482333737159e+03 
       2.605002039754e-01       1.451390071736e+03 
       2.637138760852e-01       1.419120966372e+03 
       2.669275493437e-01       1.385737988568e+03 
       2.701412237097e-01       1.351550265924e+03 
       2.733548991440e-01       1.316996729847e+03 
       2.765685756090e-01       1.282630183714e+03 
       2.797822530690e-01       1.249016742191e+03 
       2.829959314900e-01       1.216693239038e+03 
       2.862096108394e-01       1.186090387607e+03 
       2.894232910861e-01       1.157472390580e+03 
       2.926369722003e-01       1.131013690900e+03 
       2.958506541538e-01       1.106634378931e+03 
       2.990643369192e-01       1.084181718378e+03 
       3.022780204705e-01       1.063406238375e+03 
       3.054917047828e-01       1.043992672884e+03 
       3.087053898322e-01       1.025625291773e+03 
       3.119190755958e-01       1.007995379797e+03 
       3.151327620517e-01       9.907823222077e+02 
       3.183464491787e-01       9.737211066496e+02 
       3.215601369567e-01       9.565904024770e+02 
       3.247738253663e-01       9.392527395408e+02 
       3.279875143887e-01       9.216507961267e+02 
       3.312012040060e-01       9.038120917972e+02 
       3.344148942011e-01       8.858464151234e+02 
       3.376285849573e-01       8.678970435484e+02 
       3.408422762587e-01       8.501304080092e+02 
       3.440559680899e-01       8.326959078666e+02 
       3.472696604363e-01       8.157478255785e+02 
       3.504833532834e-01       7.993963212054e+02 
       3.536970466177e-01       7.837291417786e+02 
       3.569107404259e-01       7.688061635230e+02 
       3.601244346953e-01       7.546457658836e+02 
       3.633381294135e-01       7.412429975386e+02 
       3.665518245687e-01       7.285323124707e+02 
       3.697655201495e-01       7.164209906173e+02 
       3.729792161449e-01       7.047942342395e+02 
       3.761929125440e-01       6.935308955073e+02 
       3.794066093368e-01       6.825291911667e+02 
       3.826203065131e-01       6.717054825093e+02 
       3.858340040634e-01       6.609868478995e+02 
       3.890477019783e-01       6.503447929563e+02 
       3.922614002490e-01       6.397595143717e+02 
       3.954750988665e-01       6.292220529790e+02 
       3.986887978226e-01       6.187387502965e+02 
       4.019024971091e-01       6.083429102998e+02 
       4.051161967181e-01       5.980641441878e+02 
       4.083298966419e-01       5.879483842301e+02 
       4.115435968731e-01       5.780450642106e+02 
       4.147572974046e-01       5.684000918569e+02 
       4.179709982294e-01       5.590402378218e+02 
       4.211846993408e-01       5.499764282924e+02 
       4.243984007322e-01       5.412107930087e+02 
       4.276121023973e-01       5.327347951083e+02 
       4.308258043300e-01       5.245339786867e+02 
       4.340395065243e-01       5.165925944510e+02 
       4.372532089743e-01       5.088920123403e+02 
       4.404669116745e-01       5.014116519942e+02 
       4.436806146195e-01       4.941233814227e+02 
       4.468943178039e-01       4.869978814604e+02 
       4.501080212225e-01       4.800002511040e+02 
       4.533217248705e-01       4.731044242090e+02 
       4.565354287428e-01       4.662929648628e+02 
       4.597491328349e-01       4.595562110629e+02 
       4.629628371420e-01       4.529022764320e+02 
       4.661765416598e-01       4.463282575616e+02 
       4.693902463839e-01       4.398416149803e+02 
       4.726039513100e-01       4.334589994624e+02 
       4.758176564342e-01       4.271787633353e+02 
       4.790313617523e-01       4.210082297625e+02 
       4.822450672605e-01       4.149569220778e+02 
       4.854587729550e-01       4.090450154514e+02 
       4.886724788320e-01       4.032732855424e+02 
       4.918861848881e-01       3.976558113925e+02 
       4.950998911198e-01       3.921868985516e+02 
       4.983135975235e-01       3.868627801584e+02 
       5.015273040960e-01       3.816709487938e+02 
       5.047410108341e-01       3.765938309007e+02 
       5.079547177345e-01       3.716215713671e+02 
       5.111684247944e-01       3.667419942805e+02 
       5.143821320105e-01       3.619534981494e+02 
       5.175958393801e-01       3.572466128649e+02 
       5.208095469002e-01       3.526097812673e+02 
       5.240232545681e-01       3.480497249592e+02 
       5.272369623811e-01       3.435428747737e+02 
       5.304506703365e-01       3.390990236301e+02 
       5.336643784318e-01       3.347171997588e+02 
       5.368780866644e-01       3.303954868578e+02 
       5.400917950319e-01       3.261504889681e+02 
       5.433055035319e-01       3.219781701467e+02 
       5.465192121620e-01       3.178848174983e+02 
       5.497329209199e-01       3.138712608778e+02 
       5.529466298034e-01       3.099309679520e+02 
       5.561603388104e-01       3.060663787287e+02 
       5.593740479386e-01       3.022746288460e+02 
       5.625877571861e-01       2.985556736046e+02 
       5.658014665507e-01       2.949088105282e+02 
       5.690151760305e-01       2.913339648607e+02 
       5.722288856235e-01       2.878286909094e+02 
       5.754425953279e-01       2.843863483999e+02 
       5.786563051417e-01       2.810003325966e+02 
       5.818700150632e-01       2.776692871028e+02 
       5.850837250905e-01       2.743867210434e+02 
       5.882974352220e-01       2.711537068391e+02 
       5.915111454559e-01       2.679723955152e+02 
       5.947248557905e-01       2.648383941117e+02 
       5.979385662243e-01       2.617584924178e+02 
       6.011522767557e-01       2.587194567884e+02 
       6.043659873830e-01       2.557276824723e+02 
       6.075796981048e-01       2.527777518088e+02 
       6.107934089195e-01       2.498721101699e+02 
       6.140071198257e-01       2.470125317651e+02 
       6.172208308220e-01       2.441969664288e+02 
       6.204345419070e-01       2.414333118868e+02 
       6.236482530792e-01       2.387136982640e+02 
       6.268619643374e-01       2.360469346780e+02 
       6.300756756802e-01       2.334160311347e+02 
       6.332893871063e-01       2.308346934418e+02 
       6.365030986145e-01       2.282890433134e+02 
       6.397168102035e-01       2.257835476285e+02 
       6.429305218721e-01       2.233168538290e+02 
       6.461442336191e-01       2.208928873357e+02 
       6.493579454434e-01       2.185044387127e+02 
       6.525716573438e-01       2.161533775947e+02 
       6.557853693192e-01       2.138356678110e+02 
       6.589990813685e-01       2.115498415828e+02 
       6.622127934905e-01       2.092936566335e+02 
       6.654265056844e-01       2.070681807713e+02 
       6.686402179489e-01       2.048771421744e+02 
       6.718539302831e-01       2.027202679745e+02 
       6.750676426861e-01       2.005931878518e+02 
       6.782813551567e-01       1.984990959988e+02 
       6.814950676941e-01       1.964358911412e+02 
       6.847087802974e-01       1.944000700945e+02 
       6.879224929655e-01       1.923904921488e+02 
       6.911362056976e-01       1.904114675639e+02 
       6.943499184928e-01       1.884622980480e+02 
       6.975636313502e-01       1.865453199432e+02 
       7.007773442690e-01       1.846542556302e+02 
       7.039910572483e-01       1.827927681497e+02 
       7.072047702873e-01       1.809566174338e+02 
       7.104184833851e-01       1.791459839340e+02 
       7.136321965411e-01       1.773594501253e+02 
       7.168459097544e-01       1.755960609280e+02 
       7.200596230241e-01       1.738573344578e+02 
       7.232733363497e-01       1.721440732176e+02 
       7.264870497303e-01       1.704559936701e+02 
       7.297007631652e-01       1.687912543764e+02 
       7.329144766537e-01       1.671459628124e+02 
       7.361281901951e-01       1.655218987632e+02 
       7.995611047231e-01       1.375340709733e+02 
       8.886377463112e-01       1.082875429994e+02 
       1.026541099625e+00       7.780193381769e+01 
       1.249508466019e+00       4.923167784939e+01 
       1.567260409069e+00       2.877906001260e+01 
