# Matter power spectrum P(k) at redshift z=0
# for k=1.02772e-05 to 1.06588 h/Mpc,
# number of wavenumbers equal to 603
#    1:k (h/Mpc)              2:P (Mpc/h)^3        
       1.027720249029e-05       5.166450342118e+01 
       2.294426191942e-05       1.126580250707e+02 
       3.565440544992e-05       1.728143037773e+02 
       4.844070198031e-05       2.326808437088e+02 
       6.133674952533e-05       2.925812883047e+02 
       7.437696496980e-05       3.527650552463e+02 
       8.759688279578e-05       4.134502054560e+02 
       1.010334666351e-04       4.748405023260e+02 
       1.147254375302e-04       5.371346131743e+02 
       1.287136228166e-04       6.005317294002e+02 
       1.430413295552e-04       6.652354817871e+02 
       1.577547463960e-04       7.314571004244e+02 
       1.729033776231e-04       7.994181301916e+02 
       1.885405128365e-04       8.693530634569e+02 
       2.047237351992e-04       9.415117864034e+02 
       2.215154703167e-04       1.016162134605e+03 
       2.389835764712e-04       1.093592420769e+03 
       2.572019749357e-04       1.174114144503e+03 
       2.762513162236e-04       1.258064639111e+03 
       2.962196741099e-04       1.345809851762e+03 
       3.172032537805e-04       1.437747092149e+03 
       3.393070931926e-04       1.534307561984e+03 
       3.626457273080e-04       1.635958716655e+03 
       3.873437730520e-04       1.743206141161e+03 
       4.135363785620e-04       1.856594546061e+03 
       4.413694638124e-04       1.976707816967e+03 
       4.709996618997e-04       2.104167377247e+03 
       5.025938529216e-04       2.239628502314e+03 
       5.363281684295e-04       2.383773945530e+03 
       5.723863383118e-04       2.537304321880e+03 
       6.109572594724e-04       2.700924687871e+03 
       6.522316935729e-04       2.875327054767e+03 
       6.963980557349e-04       3.061168677654e+03 
       7.436373412170e-04       3.259046887201e+03 
       7.941173508100e-04       3.469471354021e+03 
       8.479865075708e-04       3.692835643527e+03 
       9.053676868824e-04       3.929390261425e+03 
       9.663525795300e-04       4.179220110411e+03 
       1.030997141998e-03       4.442228581010e+03 
       1.099318635669e-03       4.718131338657e+03 
       1.171294611587e-03       5.006459105904e+03 
       1.246863979196e-03       5.306571446369e+03 
       1.325930047692e-03       5.617673923519e+03 
       1.408365199567e-03       5.938827231440e+03 
       1.494016694073e-03       6.269069701916e+03 
       1.582713029757e-03       6.607352002642e+03 
       1.674270320131e-03       6.952600509141e+03 
       1.768498233423e-03       7.303746258021e+03 
       1.865205183130e-03       7.659745487349e+03 
       1.964202598292e-03       8.019599362231e+03 
       2.065308226630e-03       8.382365587329e+03 
       2.168348516863e-03       8.747166159084e+03 
       2.273160185781e-03       9.113192642517e+03 
       2.379591104925e-03       9.479708015570e+03 
       2.487500648137e-03       9.846044829332e+03 
       2.596759632721e-03       1.021160262425e+04 
       2.707249970053e-03       1.057584863136e+04 
       2.818864121347e-03       1.093830744405e+04 
       2.931504434132e-03       1.129855048958e+04 
       3.045082416764e-03       1.165621660453e+04 
       3.159517992765e-03       1.201097833307e+04 
       3.274738764299e-03       1.236255175834e+04 
       3.390679304238e-03       1.271069098194e+04 
       3.507280488973e-03       1.305518199051e+04 
       3.624488878630e-03       1.339584000420e+04 
       3.742256147591e-03       1.373250686208e+04 
       3.860538565507e-03       1.406504623771e+04 
       3.979296527310e-03       1.439334489469e+04 
       4.098494129603e-03       1.471730307716e+04 
       4.218098790224e-03       1.503684410581e+04 
       4.338080907484e-03       1.535189723394e+04 
       4.458413555512e-03       1.566241112121e+04 
       4.579072212253e-03       1.596834519799e+04 
       4.700034516795e-03       1.626966561409e+04 
       4.821280052966e-03       1.656635542705e+04 
       4.942790156369e-03       1.685839482693e+04 
       5.064547742290e-03       1.714577572094e+04 
       5.186537152159e-03       1.742850352401e+04 
       5.308744016489e-03       1.770657804905e+04 
       5.431155132441e-03       1.798001889995e+04 
       5.553758354351e-03       1.824881513862e+04 
       5.676542495779e-03       1.851300669127e+04 
       5.799497241757e-03       1.877261216483e+04 
       5.922613070111e-03       1.902765441333e+04 
       6.045881180827e-03       1.927815519654e+04 
       6.169293432578e-03       1.952415135404e+04 
       6.292842285607e-03       1.976559557121e+04 
       6.416520750284e-03       2.000272846602e+04 
       6.540322340707e-03       2.023537622238e+04 
       6.664241032810e-03       2.046364549936e+04 
       6.788271226485e-03       2.068753061128e+04 
       6.912407711306e-03       2.090718132469e+04 
       7.036645635468e-03       2.112252094494e+04 
       7.160980477604e-03       2.133361310154e+04 
       7.285408021190e-03       2.154051771018e+04 
       7.409924331269e-03       2.174328433142e+04 
       7.534525733266e-03       2.194184766635e+04 
       7.659208793676e-03       2.213648567986e+04 
       7.783970302444e-03       2.232702664067e+04 
       7.908807256880e-03       2.251356887286e+04 
       8.033716846941e-03       2.269619225608e+04 
       8.158696441772e-03       2.287485014981e+04 
       8.283743577364e-03       2.304957261134e+04 
       8.408855945249e-03       2.322061144653e+04 
       8.534031382106e-03       2.338776788099e+04 
       8.659267860232e-03       2.355124411944e+04 
       8.784563478755e-03       2.371090153697e+04 
       8.909916455568e-03       2.386693811666e+04 
       9.035325119883e-03       2.401938283361e+04 
       9.160787905375e-03       2.416821664660e+04 
       9.286303343849e-03       2.431348573302e+04 
       9.411870059398e-03       2.445517337478e+04 
       9.537486762999e-03       2.459364852910e+04 
       9.663152247521e-03       2.472829300175e+04 
       9.788865383098e-03       2.485977868698e+04 
       9.914625112852e-03       2.498784832962e+04 
       1.004043044892e-02       2.511256039123e+04 
       1.016628046880e-02       2.523407119253e+04 
       1.029217431189e-02       2.535229069692e+04 
       1.041811117637e-02       2.546744746804e+04 
       1.054409031626e-02       2.557925708326e+04 
       1.067011103864e-02       2.568794051001e+04 
       1.079617270117e-02       2.579352075039e+04 
       1.092227470971e-02       2.589603574353e+04 
       1.104841651610e-02       2.599550288132e+04 
       1.117459761615e-02       2.609197094797e+04 
       1.130081754775e-02       2.618547476848e+04 
       1.142707588905e-02       2.627603645614e+04 
       1.155337225690e-02       2.636370471183e+04 
       1.167970630522e-02       2.644852465712e+04 
       1.180607772366e-02       2.653048927970e+04 
       1.193248623625e-02       2.660966125423e+04 
       1.205893160013e-02       2.668594738623e+04 
       1.218541360448e-02       2.675973664207e+04 
       1.231193206936e-02       2.683071932459e+04 
       1.243848684483e-02       2.689902748926e+04 
       1.256507780993e-02       2.696468620890e+04 
       1.269170487190e-02       2.702774679528e+04 
       1.281836796535e-02       2.708824580263e+04 
       1.294506705153e-02       2.714617556083e+04 
       1.307180211770e-02       2.720147354455e+04 
       1.319857317645e-02       2.725436655636e+04 
       1.332538026515e-02       2.730504053288e+04 
       1.345222344542e-02       2.735309595772e+04 
       1.357910280264e-02       2.739864459974e+04 
       1.370601844551e-02       2.744197699688e+04 
       1.383297050566e-02       2.748302148118e+04 
       1.395995913725e-02       2.752167663682e+04 
       1.408698451666e-02       2.755803426650e+04 
       1.421404684219e-02       2.759217434132e+04 
       1.434114633379e-02       2.762405635550e+04 
       1.446828323282e-02       2.765376318030e+04 
       1.459545780186e-02       2.768114946071e+04 
       1.472267032452e-02       2.770660195284e+04 
       1.484992110527e-02       2.772998348826e+04 
       1.497721046935e-02       2.775109451311e+04 
       1.510453876264e-02       2.777033598667e+04 
       1.523190635159e-02       2.778745109964e+04 
       1.535931362319e-02       2.780256095239e+04 
       1.548676098489e-02       2.781570293893e+04 
       1.561424886462e-02       2.782687895481e+04 
       1.574177771082e-02       2.783612130223e+04 
       1.586934799240e-02       2.784346239565e+04 
       1.599696019888e-02       2.784893162777e+04 
       1.612461484038e-02       2.785235221024e+04 
       1.625231244778e-02       2.785416584946e+04 
       1.638005357275e-02       2.785432146882e+04 
       1.650783878794e-02       2.785234608840e+04 
       1.663566868709e-02       2.784899388252e+04 
       1.676354388519e-02       2.784371621184e+04 
       1.689146501868e-02       2.783675680285e+04 
       1.701943274562e-02       2.782791100730e+04 
       1.714744774591e-02       2.781765111733e+04 
       1.727551072152e-02       2.780582819106e+04 
       1.740362239672e-02       2.779227154005e+04 
       1.753178351838e-02       2.777713441016e+04 
       1.765999485619e-02       2.776043855778e+04 
       1.778825720302e-02       2.774220382376e+04 
       1.791657137518e-02       2.772244004831e+04 
       1.804493821276e-02       2.770118440715e+04 
       1.817335857999e-02       2.767844816022e+04 
       1.830183336557e-02       2.765410654630e+04 
       1.843036348310e-02       2.762845286305e+04 
       1.855894987140e-02       2.760167815957e+04 
       1.868759349500e-02       2.757327305382e+04 
       1.881629534452e-02       2.754332928757e+04 
       1.894505643711e-02       2.751227663750e+04 
       1.907387781694e-02       2.748001937589e+04 
       1.920276055570e-02       2.744628461752e+04 
       1.933170575304e-02       2.741112613987e+04 
       1.946071453714e-02       2.737492039119e+04 
       1.958978806521e-02       2.733757396176e+04 
       1.971892752410e-02       2.729882431628e+04 
       1.984813413081e-02       2.725895150188e+04 
       1.997740913313e-02       2.721791156693e+04 
       2.010675381025e-02       2.717563860539e+04 
       2.023616947339e-02       2.713231121827e+04 
       2.036565746646e-02       2.708782199288e+04 
       2.049521916673e-02       2.704227300682e+04 
       2.062485598556e-02       2.699537533594e+04 
       2.075456936910e-02       2.694778438505e+04 
       2.088436079906e-02       2.689913989146e+04 
       2.101423179345e-02       2.684920212785e+04 
       2.114418390741e-02       2.679841768013e+04 
       2.127421873403e-02       2.674666324205e+04 
       2.140433790517e-02       2.669393370645e+04 
       2.153454309238e-02       2.664044961137e+04 
       2.166483600776e-02       2.658579628656e+04 
       2.179521840492e-02       2.653016880477e+04 
       2.192569207994e-02       2.647398196469e+04 
       2.205625887234e-02       2.641673380623e+04 
       2.218692066612e-02       2.635855356537e+04 
       2.231767939083e-02       2.629958776529e+04 
       2.244853702261e-02       2.623975554705e+04 
       2.257949558536e-02       2.617893645771e+04 
       2.271055715186e-02       2.611769522726e+04 
       2.284172384500e-02       2.605548356700e+04 
       2.297299783898e-02       2.599272040444e+04 
       2.310438136059e-02       2.592897377527e+04 
       2.323587669051e-02       2.586468880917e+04 
       2.336748616469e-02       2.579939934779e+04 
       2.349921217572e-02       2.573384642138e+04 
       2.363105717426e-02       2.566739870764e+04 
       2.376302367056e-02       2.560004680133e+04 
       2.389511423597e-02       2.553233759109e+04 
       2.402733150452e-02       2.546394575098e+04 
       2.415967817454e-02       2.539498007883e+04 
       2.429215701039e-02       2.532530146116e+04 
       2.442477084418e-02       2.525515589109e+04 
       2.455752257755e-02       2.518437173681e+04 
       2.469041518354e-02       2.511311339208e+04 
       2.482345170853e-02       2.504140339747e+04 
       2.495663527421e-02       2.496897626612e+04 
       2.508996907961e-02       2.489609492821e+04 
       2.522345640326e-02       2.482256313481e+04 
       2.535710060534e-02       2.474863852152e+04 
       2.549090512999e-02       2.467445222896e+04 
       2.562487350761e-02       2.459929745853e+04 
       2.575900935732e-02       2.452436829858e+04 
       2.589331638944e-02       2.444865956284e+04 
       2.602779840810e-02       2.437251746877e+04 
       2.616245931395e-02       2.429580801062e+04 
       2.629730310689e-02       2.421909700723e+04 
       2.643233388900e-02       2.414168327270e+04 
       2.656755586750e-02       2.406406441362e+04 
       2.670297335784e-02       2.398583967406e+04 
       2.683859078692e-02       2.390746620709e+04 
       2.697441269639e-02       2.382873322149e+04 
       2.711044374613e-02       2.374983537887e+04 
       2.724668871776e-02       2.367044592486e+04 
       2.738315251842e-02       2.359077937041e+04 
       2.751984018454e-02       2.351085824621e+04 
       2.765675688589e-02       2.343035426974e+04 
       2.779390792965e-02       2.334991974458e+04 
       2.793129876481e-02       2.326928610586e+04 
       2.806893498652e-02       2.318809012608e+04 
       2.820682234083e-02       2.310700730459e+04 
       2.834496672945e-02       2.302553791280e+04 
       2.848337421480e-02       2.294378107409e+04 
       2.862205102517e-02       2.286184486680e+04 
       2.876100356024e-02       2.277971885835e+04 
       2.890023839660e-02       2.269735168267e+04 
       2.903976229375e-02       2.261470487406e+04 
       2.917958220010e-02       2.253205036642e+04 
       2.931970525942e-02       2.244927085061e+04 
       2.946013881746e-02       2.236637655850e+04 
       2.960089042884e-02       2.228324754017e+04 
       2.974196786430e-02       2.219990703070e+04 
       2.988337911818e-02       2.211639616129e+04 
       3.002513241631e-02       2.203280775671e+04 
       3.016723622419e-02       2.194932077944e+04 
       3.030969925551e-02       2.186558283552e+04 
       3.045253048113e-02       2.178173655957e+04 
       3.059573913841e-02       2.169756881879e+04 
       3.073933474092e-02       2.161356422546e+04 
       3.088332708870e-02       2.152953453376e+04 
       3.102772627891e-02       2.144535675311e+04 
       3.117254271701e-02       2.136106901032e+04 
       3.131778712844e-02       2.127653158696e+04 
       3.146347057090e-02       2.119221444530e+04 
       3.160960444716e-02       2.110794743752e+04 
       3.175620051856e-02       2.102350034889e+04 
       3.190327091908e-02       2.093893157197e+04 
       3.205082817020e-02       2.085446472550e+04 
       3.219888519642e-02       2.076968228104e+04 
       3.234745534160e-02       2.068519079049e+04 
       3.249655238616e-02       2.060072885428e+04 
       3.264619056508e-02       2.051613128675e+04 
       3.279638458688e-02       2.043152307403e+04 
       3.294714965367e-02       2.034684066299e+04 
       3.309850148208e-02       2.026227792057e+04 
       3.325045632551e-02       2.017747156902e+04 
       3.340303099742e-02       2.009305458593e+04 
       3.355624289600e-02       2.000845523661e+04 
       3.371011003019e-02       1.992390080902e+04 
       3.386465104706e-02       1.983915430941e+04 
       3.401988526085e-02       1.975474920555e+04 
       3.417583268365e-02       1.967042271593e+04 
       3.433251405776e-02       1.958580806873e+04 
       3.448995089007e-02       1.950156608638e+04 
       3.464816548836e-02       1.941718098385e+04 
       3.480718099985e-02       1.933278978971e+04 
       3.496702145205e-02       1.924850284445e+04 
       3.512771179608e-02       1.916404821140e+04 
       3.528927795274e-02       1.907991984042e+04 
       3.545174686143e-02       1.899573453543e+04 
       3.561514653215e-02       1.891167520716e+04 
       3.577950610091e-02       1.882763853384e+04 
       3.594485588867e-02       1.874354517191e+04 
       3.611122746424e-02       1.865950008484e+04 
       3.627865371133e-02       1.857569191582e+04 
       3.644716890011e-02       1.849177809730e+04 
       3.661680876378e-02       1.840784501602e+04 
       3.678761058033e-02       1.832403992010e+04 
       3.695961326016e-02       1.824040127309e+04 
       3.713285743988e-02       1.815662020850e+04 
       3.730738558292e-02       1.807283469673e+04 
       3.748324208756e-02       1.798941600407e+04 
       3.766047340292e-02       1.790580149606e+04 
       3.783912815379e-02       1.782233407485e+04 
       3.801925727498e-02       1.773871116386e+04 
       3.820091415607e-02       1.765524518767e+04 
       3.838415479770e-02       1.757195073360e+04 
       3.856903798025e-02       1.748840440633e+04 
       3.875562544632e-02       1.740507646621e+04 
       3.894398209828e-02       1.732175416140e+04 
       3.913417621237e-02       1.723848701864e+04 
       3.932627967107e-02       1.715510862416e+04 
       3.952036821566e-02       1.707172288348e+04 
       3.971652172096e-02       1.698848502269e+04 
       3.991482449475e-02       1.690522025397e+04 
       4.011536560450e-02       1.682193459558e+04 
       4.031823923431e-02       1.673858972255e+04 
       4.052354507566e-02       1.665518122124e+04 
       4.073138875560e-02       1.657171130921e+04 
       4.094188230692e-02       1.648820594654e+04 
       4.115514468511e-02       1.640477841708e+04 
       4.137130233782e-02       1.632126060017e+04 
       4.159048983331e-02       1.623746324229e+04 
       4.181285055513e-02       1.615377432988e+04 
       4.203853747158e-02       1.607012362767e+04 
       4.226771398967e-02       1.598619000561e+04 
       4.250055490468e-02       1.590209416091e+04 
       4.273724745843e-02       1.581784714077e+04 
       4.297799252107e-02       1.573352375963e+04 
       4.322300591405e-02       1.564914799784e+04 
       4.347251989435e-02       1.556435714042e+04 
       4.372678482394e-02       1.547952238879e+04 
       4.398607105227e-02       1.539447666024e+04 
       4.425067104452e-02       1.530899124012e+04 
       4.452090179444e-02       1.522344203994e+04 
       4.479710756757e-02       1.513745855656e+04 
       4.507966302932e-02       1.505116764663e+04 
       4.536897682316e-02       1.496460210446e+04 
       4.566549567652e-02       1.487755714968e+04 
       4.596970912843e-02       1.479028011753e+04 
       4.628215499171e-02       1.470234472264e+04 
       4.660342568704e-02       1.461393369655e+04 
       4.693417561560e-02       1.452485058045e+04 
       4.727512977445e-02       1.443532934714e+04 
       4.762709386502e-02       1.434501231900e+04 
       4.799096620370e-02       1.425416256872e+04 
       4.836775181693e-02       1.416242644272e+04 
       4.875857919682e-02       1.406970690056e+04 
       4.916472031134e-02       1.397615644314e+04 
       4.958761461424e-02       1.388137408299e+04 
       5.002889799167e-02       1.378547636576e+04 
       5.049043782782e-02       1.368820343965e+04 
       5.097437568275e-02       1.358950389920e+04 
       5.148317946977e-02       1.348911970370e+04 
       5.201970751184e-02       1.338680590538e+04 
       5.258728746017e-02       1.328219821118e+04 
       5.318981377267e-02       1.317528450195e+04 
       5.383186824153e-02       1.306537043552e+04 
       5.451886881882e-02       1.295199261730e+04 
       5.525725245050e-02       1.283480374741e+04 
       5.605469721128e-02       1.271258817502e+04 
       5.692038654339e-02       1.258472099309e+04 
       5.786531153104e-02       1.244957053168e+04 
       5.890259164847e-02       1.230527439146e+04 
       6.004776314048e-02       1.214978196487e+04 
       6.131892670034e-02       1.197940833259e+04 
       6.273655198774e-02       1.179019605572e+04 
       6.432260981853e-02       1.157633446173e+04 
       6.609859980545e-02       1.133067990623e+04 
       6.808213036131e-02       1.104506822788e+04 
       7.028227360966e-02       1.071171887398e+04 
       7.269508400659e-02       1.032472614576e+04 
       7.530176043788e-02       9.883525423199e+03 
       7.807139202967e-02       9.394618363521e+03 
       8.096751741247e-02       8.872310592481e+03 
       8.395518395337e-02       8.336118718758e+03 
       8.700548842453e-02       7.807233549524e+03 
       9.009692328329e-02       7.305460468304e+03 
       9.321460899958e-02       6.846606625324e+03 
       9.634873880843e-02       6.440940298534e+03 
       9.949304846517e-02       6.093305046131e+03 
       1.026436148039e-01       5.803420176502e+03 
       1.057980107311e-01       5.566703576460e+03 
       1.089547459040e-01       5.375594283552e+03 
       1.121129092838e-01       5.220118785877e+03 
       1.152719454009e-01       5.089404667202e+03 
       1.184315160415e-01       4.972322025909e+03 
       1.215914153784e-01       4.858747922421e+03 
       1.247515181294e-01       4.740190952414e+03 
       1.279117479751e-01       4.610535699064e+03 
       1.310720583497e-01       4.466505886702e+03 
       1.342324207683e-01       4.307779678321e+03 
       1.373928177382e-01       4.136366256382e+03 
       1.405532384538e-01       3.956455079275e+03 
       1.437136761823e-01       3.773273121911e+03 
       1.468741266768e-01       3.592558437765e+03 
       1.500345872112e-01       3.419639679512e+03 
       1.531950559940e-01       3.259128737533e+03 
       1.563555318116e-01       3.114280740429e+03 
       1.595160138103e-01       2.986922847670e+03 
       1.626765013637e-01       2.877437391859e+03 
       1.658369939916e-01       2.785034479252e+03 
       1.689974913093e-01       2.707743528037e+03 
       1.721579929971e-01       2.642837295832e+03 
       1.753184987805e-01       2.587019820179e+03 
       1.784790084181e-01       2.537021392662e+03 
       1.816395216937e-01       2.489966709918e+03 
       1.848000384109e-01       2.442558446551e+03 
       1.879605583899e-01       2.392315033318e+03 
       1.911210814644e-01       2.337644588756e+03 
       1.942816074803e-01       2.277842543515e+03 
       1.974421362942e-01       2.213101244632e+03 
       2.006026677722e-01       2.144480059420e+03 
       2.037632017888e-01       2.073495943877e+03 
       2.069237382266e-01       2.001927338202e+03 
       2.100842769754e-01       1.931608443975e+03 
       2.132448179317e-01       1.864110727770e+03 
       2.164053609978e-01       1.800701226439e+03 
       2.195659060821e-01       1.742354194057e+03 
       2.227264530979e-01       1.689485225696e+03 
       2.258870019637e-01       1.642407109748e+03 
       2.290475526023e-01       1.600790526543e+03 
       2.322081049409e-01       1.564211025095e+03 
       2.353686589104e-01       1.531836654933e+03 
       2.385292144457e-01       1.502635099525e+03 
       2.416897714849e-01       1.475531207965e+03 
       2.448503299694e-01       1.449437188716e+03 
       2.480108898437e-01       1.423463133502e+03 
       2.511714510548e-01       1.396849939985e+03 
       2.543320135527e-01       1.369167070304e+03 
       2.574925772896e-01       1.340209543076e+03 
       2.606531422204e-01       1.309953142267e+03 
       2.638137083017e-01       1.278591568353e+03 
       2.669742754924e-01       1.246519219409e+03 
       2.701348437536e-01       1.214217905414e+03 
       2.732954130476e-01       1.182226308435e+03 
       2.764559833390e-01       1.151102579652e+03 
       2.796165545938e-01       1.121364577085e+03 
       2.827771267794e-01       1.093368882302e+03 
       2.859376998648e-01       1.067328966221e+03 
       2.890982738203e-01       1.043330055001e+03 
       2.922588486176e-01       1.021304713868e+03 
       2.954194242295e-01       1.001040779644e+03 
       2.985800006300e-01       9.823016895017e+02 
       3.017405777942e-01       9.647688496323e+02 
       3.049011556982e-01       9.481454499963e+02 
       3.080617343191e-01       9.321175391737e+02 
       3.112223136350e-01       9.163869721528e+02 
       3.143828936248e-01       9.007024791227e+02 
       3.175434742683e-01       8.848605922928e+02 
       3.207040555460e-01       8.687477119297e+02 
       3.238646374394e-01       8.523647464678e+02 
       3.270252199304e-01       8.357427779205e+02 
       3.301858030019e-01       8.190230687234e+02 
       3.333463866372e-01       8.023414316861e+02 
       3.365069708204e-01       7.858527728336e+02 
       3.396675555361e-01       7.697133189633e+02 
       3.428281407695e-01       7.540513767303e+02 
       3.459887265064e-01       7.389819161616e+02 
       3.491493127330e-01       7.245876059268e+02 
       3.523098994361e-01       7.109213371699e+02 
       3.554704866029e-01       6.979879810070e+02 
       3.586310742212e-01       6.857623616317e+02 
       3.617916622790e-01       6.741816327779e+02 
       3.649522507648e-01       6.631264096042e+02 
       3.681128396676e-01       6.524901870341e+02 
       3.712734289768e-01       6.421779417643e+02 
       3.744340186819e-01       6.320705557524e+02 
       3.775946087729e-01       6.220998520107e+02 
       3.807551992403e-01       6.122203636193e+02 
       3.839157900747e-01       6.023930662795e+02 
       3.870763812671e-01       5.926050503441e+02 
       3.902369728087e-01       5.828461571185e+02 
       3.933975646911e-01       5.731277008544e+02 
       3.965581569060e-01       5.634901933888e+02 
       3.997187494457e-01       5.539570707105e+02 
       4.028793423024e-01       5.445970748386e+02 
       4.060399354687e-01       5.354437756158e+02 
       4.092005289373e-01       5.265343613710e+02 
       4.123611227014e-01       5.179042712129e+02 
       4.155217167540e-01       5.095457200114e+02 
       4.186823110888e-01       5.014715154835e+02 
       4.218429056992e-01       4.936717206887e+02 
       4.250035005792e-01       4.861240422614e+02 
       4.281640957228e-01       4.788238999008e+02 
       4.313246911240e-01       4.717524885208e+02 
       4.344852867774e-01       4.648859262045e+02 
       4.376458826774e-01       4.581875353036e+02 
       4.408064788186e-01       4.516261909336e+02 
       4.439670751959e-01       4.451745935842e+02 
       4.471276718044e-01       4.388066027175e+02 
       4.502882686390e-01       4.325069917907e+02 
       4.534488656951e-01       4.262797608174e+02 
       4.566094629680e-01       4.201215137246e+02 
       4.597700604533e-01       4.140422235422e+02 
       4.629306581466e-01       4.080405024397e+02 
       4.660912560436e-01       4.021239835281e+02 
       4.692518541402e-01       3.963039265006e+02 
       4.724124524325e-01       3.905890960471e+02 
       4.755730509164e-01       3.849914917287e+02 
       4.787336495882e-01       3.795267752783e+02 
       4.818942484441e-01       3.742023905047e+02 
       4.850548474806e-01       3.690245541620e+02 
       4.882154466941e-01       3.639855398992e+02 
       4.913760460812e-01       3.590763619382e+02 
       4.945366456386e-01       3.542843441974e+02 
       4.976972453631e-01       3.495976282850e+02 
       5.008578452513e-01       3.450035056420e+02 
       5.040184453003e-01       3.405050232067e+02 
       5.071790455071e-01       3.360832471244e+02 
       5.103396458686e-01       3.317369054437e+02 
       5.135002463821e-01       3.274553072953e+02 
       5.166608470447e-01       3.232320371480e+02 
       5.198214478537e-01       3.190614658105e+02 
       5.229820488064e-01       3.149438637274e+02 
       5.261426499003e-01       3.108847037656e+02 
       5.293032511328e-01       3.068873488081e+02 
       5.324638525014e-01       3.029544912215e+02 
       5.356244540037e-01       2.990963714695e+02 
       5.387850556374e-01       2.953127998184e+02 
       5.419456574002e-01       2.915976752587e+02 
       5.451062592897e-01       2.879496391105e+02 
       5.482668613038e-01       2.843745085155e+02 
       5.514274634404e-01       2.808656009561e+02 
       5.545880656974e-01       2.774244212563e+02 
       5.577486680726e-01       2.740550245668e+02 
       5.609092705641e-01       2.707535160863e+02 
       5.640698731700e-01       2.675108753703e+02 
       5.672304758883e-01       2.643263126278e+02 
       5.703910787171e-01       2.611953987707e+02 
       5.735516816547e-01       2.581082161607e+02 
       5.767122846991e-01       2.550729805387e+02 
       5.798728878487e-01       2.520819667538e+02 
       5.830334911018e-01       2.491358882187e+02 
       5.861940944567e-01       2.462396077619e+02 
       5.893546979116e-01       2.433847031842e+02 
       5.925153014651e-01       2.405692769190e+02 
       5.956759051156e-01       2.377943086051e+02 
       5.988365088615e-01       2.350587829116e+02 
       6.019971127012e-01       2.323670046752e+02 
       6.051577166334e-01       2.297169572196e+02 
       6.083183206566e-01       2.271110557773e+02 
       6.114789247694e-01       2.245525482447e+02 
       6.146395289703e-01       2.220402831442e+02 
       6.178001332581e-01       2.195640688340e+02 
       6.209607376314e-01       2.171317080795e+02 
       6.241213420889e-01       2.147360549896e+02 
       6.272819466293e-01       2.123762829661e+02 
       6.304425512513e-01       2.100559970356e+02 
       6.336031559539e-01       2.077740025639e+02 
       6.367637607356e-01       2.055318895935e+02 
       6.399243655955e-01       2.033177087498e+02 
       6.430849705322e-01       2.011397913176e+02 
       6.462455755447e-01       1.989900347991e+02 
       6.494061806319e-01       1.968674481643e+02 
       6.525667857927e-01       1.947766648465e+02 
       6.557273910260e-01       1.927185766233e+02 
       6.588879963308e-01       1.906873990831e+02 
       6.620486017061e-01       1.886867125437e+02 
       6.652092071508e-01       1.867169419823e+02 
       6.683698126639e-01       1.847756648210e+02 
       6.715304182445e-01       1.828583486962e+02 
       6.746910238917e-01       1.809702669795e+02 
       6.778516296044e-01       1.791081159492e+02 
       6.810122353818e-01       1.772725689231e+02 
       6.841728412231e-01       1.754669945079e+02 
       6.873334471272e-01       1.736892724694e+02 
       6.904940530934e-01       1.719376679386e+02 
       6.936546591207e-01       1.702112629309e+02 
       6.968152652085e-01       1.685077159644e+02 
       6.999758713557e-01       1.668263153645e+02 
       7.031364775617e-01       1.651695311231e+02 
       7.062970838256e-01       1.635341814577e+02 
       7.094576901467e-01       1.619235351170e+02 
       7.126182965242e-01       1.603361534881e+02 
       7.157789029574e-01       1.587689915838e+02 
       7.189395094454e-01       1.572240755473e+02 
       7.221001159877e-01       1.556962888538e+02 
       7.252607225834e-01       1.541891788027e+02 
       7.284213292320e-01       1.527018820165e+02 
       7.315819359326e-01       1.512343375695e+02 
       7.347425426847e-01       1.497878304259e+02 
       7.379031494875e-01       1.483626864352e+02 
       7.410637563405e-01       1.469561901811e+02 
       8.095718945403e-01       1.205330215062e+02 
       9.085985839227e-01       9.280156424892e+01 
       1.065881929970e+00       6.432281465650e+01 
