# Matter power spectrum P(k) at redshift z=0
# for k=1.12887e-05 to 1.59672 h/Mpc,
# number of wavenumbers equal to 617
#    1:k (h/Mpc)              2:P (Mpc/h)^3        
       1.128869609770e-05       4.020916259544e+01 
       2.441301252321e-05       8.467251097430e+01 
       3.758701660717e-05       1.284360104673e+02 
       5.084751483279e-05       1.719421633318e+02 
       6.423196171367e-05       2.154523103507e+02 
       7.777880645424e-05       2.591668886292e+02 
       9.152785132164e-05       3.032600454739e+02 
       1.055206266529e-04       3.478941343134e+02 
       1.198007874592e-04       3.932272963684e+02 
       1.344145366210e-04       4.394181335343e+02 
       1.494110796653e-04       4.866290615505e+02 
       1.648431160204e-04       5.350289612623e+02 
       1.807673713995e-04       5.847955206773e+02 
       1.972451754668e-04       6.361174025513e+02 
       2.143430880733e-04       6.891963642486e+02 
       2.321335759426e-04       7.442493593018e+02 
       2.506957395246e-04       8.015107055361e+02 
       2.701160865320e-04       8.612342350880e+02 
       2.904893440969e-04       9.236954923662e+02 
       3.119192950990e-04       9.891938779728e+02 
       3.345196155764e-04       1.058054691904e+03 
       3.584146787401e-04       1.130630957827e+03 
       3.837402765663e-04       1.207304858920e+03 
       4.106441920479e-04       1.288488591349e+03 
       4.392865341700e-04       1.374624374494e+03 
       4.698397245685e-04       1.466183229591e+03 
       5.024880018190e-04       1.563662233544e+03 
       5.374262902771e-04       1.667579716543e+03 
       5.748582712544e-04       1.778468037120e+03 
       6.149935030669e-04       1.896863525058e+03 
       6.580434725079e-04       2.023293331815e+03 
       7.042165324566e-04       2.158259239767e+03 
       7.537117937380e-04       2.302218767736e+03 
       8.067121908383e-04       2.455564337536e+03 
       8.633771148523e-04       2.618601976595e+03 
       9.238351726246e-04       2.791531069131e+03 
       9.881777465887e-04       2.974427497730e+03 
       1.056454052195e-03       3.167231922609e+03 
       1.128668290242e-03       3.369744930441e+03 
       1.204779270485e-03       3.581630060371e+03 
       1.284702577326e-03       3.802424392176e+03 
       1.368315023117e-03       4.031556027112e+03 
       1.455460862544e-03       4.268366232840e+03 
       1.545959078291e-03       4.512134340800e+03 
       1.639611015466e-03       4.762102605093e+03 
       1.736207725359e-03       5.017499513724e+03 
       1.835536538107e-03       5.277557279984e+03 
       1.937386571193e-03       5.541509948833e+03 
       2.041553056316e-03       5.808672641942e+03 
       2.147840505898e-03       6.078379637428e+03 
       2.256064833426e-03       6.350013242930e+03 
       2.366054591539e-03       6.623006647233e+03 
       2.477651507458e-03       6.896843893877e+03 
       2.590710487995e-03       7.171058860763e+03 
       2.705099245813e-03       7.445233059065e+03 
       2.820697672514e-03       7.718992148449e+03 
       2.937397057462e-03       7.992003103867e+03 
       3.055099226938e-03       8.263970994115e+03 
       3.173715657576e-03       8.534634138318e+03 
       3.293166601459e-03       8.803763330391e+03 
       3.413380247341e-03       9.071155694563e+03 
       3.534291932925e-03       9.336633938036e+03 
       3.655843416152e-03       9.600043001158e+03 
       3.777982208606e-03       9.861247164994e+03 
       3.900660970862e-03       1.012012788836e+04 
       4.023836967509e-03       1.037658437973e+04 
       4.147471578271e-03       1.063052735430e+04 
       4.271529861027e-03       1.088187973047e+04 
       4.395980162193e-03       1.113057761736e+04 
       4.520793769979e-03       1.137656400173e+04 
       4.645944606143e-03       1.161979414721e+04 
       4.771408952179e-03       1.186022769959e+04 
       4.897165206133e-03       1.209783243186e+04 
       5.023193666637e-03       1.233258303731e+04 
       5.149476341031e-03       1.256445619032e+04 
       5.275996774818e-03       1.279345492440e+04 
       5.402739899958e-03       1.301953620649e+04 
       5.529691899813e-03       1.324269722552e+04 
       5.656840088802e-03       1.346295746469e+04 
       5.784172805054e-03       1.368032954998e+04 
       5.911679314533e-03       1.389477929061e+04 
       6.039349725337e-03       1.410630530206e+04 
       6.167174910972e-03       1.431460653058e+04 
       6.295146441587e-03       1.452033236810e+04 
       6.423256522272e-03       1.472319101023e+04 
       6.551497937610e-03       1.492315820217e+04 
       6.679864001797e-03       1.512015726692e+04 
       6.808348513706e-03       1.531444439288e+04 
       6.936945716355e-03       1.550595436414e+04 
       7.065650260303e-03       1.569454784763e+04 
       7.194457170552e-03       1.588022364300e+04 
       7.323361816571e-03       1.606323356199e+04 
       7.452359885138e-03       1.624354059248e+04 
       7.581447355675e-03       1.642124632951e+04 
       7.710620477844e-03       1.659609837996e+04 
       7.839875751164e-03       1.676825608728e+04 
       7.969209906444e-03       1.693766901983e+04 
       8.098619888851e-03       1.710483059826e+04 
       8.228102842459e-03       1.726918730278e+04 
       8.357656096125e-03       1.743068520950e+04 
       8.487277150567e-03       1.758971682257e+04 
       8.616963666537e-03       1.774591157545e+04 
       8.746713453974e-03       1.790000938846e+04 
       8.876524462050e-03       1.805112057280e+04 
       9.006394770037e-03       1.820012091881e+04 
       9.136322578898e-03       1.834634960893e+04 
       9.266306203562e-03       1.849105874994e+04 
       9.396344065803e-03       1.863253205193e+04 
       9.526434687678e-03       1.877160343948e+04 
       9.656576685477e-03       1.890827277078e+04 
       9.786768764131e-03       1.904261362299e+04 
       9.917009712057e-03       1.917390046467e+04 
       1.004729839638e-02       1.930332817731e+04 
       1.017763375854e-02       1.943068978929e+04 
       1.030801481015e-02       1.955578774679e+04 
       1.043844062929e-02       1.967852979993e+04 
       1.056891035694e-02       1.979981314197e+04 
       1.069942319374e-02       1.991738254283e+04 
       1.082997839701e-02       2.003413594561e+04 
       1.096057527787e-02       2.014740741418e+04 
       1.109121319874e-02       2.025902013318e+04 
       1.122189157083e-02       2.036946381498e+04 
       1.135260985196e-02       2.047696265997e+04 
       1.148336754444e-02       2.058242802010e+04 
       1.161416419317e-02       2.068573940764e+04 
       1.174499938378e-02       2.078601892731e+04 
       1.187587274099e-02       2.088629785543e+04 
       1.200678392706e-02       2.098354146093e+04 
       1.213773264030e-02       2.107825876590e+04 
       1.226871861378e-02       2.117209958738e+04 
       1.239974161402e-02       2.126249107479e+04 
       1.253080143987e-02       2.135233688031e+04 
       1.266189792141e-02       2.143975568434e+04 
       1.279303091893e-02       2.152532664433e+04 
       1.292420032204e-02       2.160901993343e+04 
       1.305540604878e-02       2.169137031115e+04 
       1.318664804482e-02       2.177076886680e+04 
       1.331792628273e-02       2.184952467161e+04 
       1.344924076130e-02       2.192532818224e+04 
       1.358059150491e-02       2.200061687343e+04 
       1.371197856293e-02       2.207337192664e+04 
       1.384340200921e-02       2.214379922736e+04 
       1.397486194158e-02       2.221351505587e+04 
       1.410635848142e-02       2.228150824044e+04 
       1.423789177324e-02       2.234744771111e+04 
       1.436946198431e-02       2.241167228873e+04 
       1.450106930434e-02       2.247443635267e+04 
       1.463271394515e-02       2.253547922106e+04 
       1.476439614047e-02       2.259383536697e+04 
       1.489611614564e-02       2.265236560670e+04 
       1.502787423742e-02       2.270852748547e+04 
       1.515967071385e-02       2.276248968101e+04 
       1.529150589406e-02       2.281551759464e+04 
       1.542338011816e-02       2.286698217573e+04 
       1.555529374714e-02       2.291694949669e+04 
       1.568724716282e-02       2.296560168249e+04 
       1.581924076776e-02       2.301247138268e+04 
       1.595127498525e-02       2.305801605956e+04 
       1.608335025931e-02       2.310264280324e+04 
       1.621546705471e-02       2.314479644521e+04 
       1.634762585699e-02       2.318660246317e+04 
       1.647982717250e-02       2.322608535988e+04 
       1.661207152852e-02       2.326419695993e+04 
       1.674435947333e-02       2.330169957260e+04 
       1.687669157631e-02       2.333693772584e+04 
       1.700906842809e-02       2.337127458759e+04 
       1.714149064070e-02       2.340461877748e+04 
       1.727395884771e-02       2.343584834009e+04 
       1.740647370446e-02       2.346609192822e+04 
       1.753903588821e-02       2.349578045308e+04 
       1.767164609842e-02       2.352301175469e+04 
       1.780430505691e-02       2.355029963526e+04 
       1.793701350817e-02       2.357482513054e+04 
       1.806977221963e-02       2.359901057123e+04 
       1.820258198189e-02       2.362196053569e+04 
       1.833544360910e-02       2.364366465919e+04 
       1.846835793922e-02       2.366397712236e+04 
       1.860132583438e-02       2.368314278686e+04 
       1.873434818121e-02       2.370172633261e+04 
       1.886742589128e-02       2.371838165990e+04 
       1.900055990138e-02       2.373418351405e+04 
       1.913375117402e-02       2.374899549441e+04 
       1.926700069780e-02       2.376265100462e+04 
       1.940030948785e-02       2.377517782542e+04 
       1.953367858631e-02       2.378664350585e+04 
       1.966710906278e-02       2.379705517551e+04 
       1.980060201485e-02       2.380644963614e+04 
       1.993415856855e-02       2.381480828878e+04 
       2.006777987895e-02       2.382205212202e+04 
       2.020146713065e-02       2.382844782339e+04 
       2.033522153837e-02       2.383367935520e+04 
       2.046904434757e-02       2.383797780574e+04 
       2.060293683499e-02       2.384158062800e+04 
       2.073690030935e-02       2.384386420163e+04 
       2.087093611196e-02       2.384528105533e+04 
       2.100504561738e-02       2.384559300882e+04 
       2.113923023416e-02       2.384511576883e+04 
       2.127349140550e-02       2.384374334001e+04 
       2.140783061006e-02       2.384154371499e+04 
       2.154224936264e-02       2.383841490862e+04 
       2.167674921502e-02       2.383442244493e+04 
       2.181133175678e-02       2.382955499859e+04 
       2.194599861611e-02       2.382372124236e+04 
       2.208075146066e-02       2.381725454768e+04 
       2.221559199850e-02       2.380979662981e+04 
       2.235052197895e-02       2.380201628745e+04 
       2.248554319361e-02       2.379258913907e+04 
       2.262065747727e-02       2.378273432712e+04 
       2.275586670898e-02       2.377265537858e+04 
       2.289117281305e-02       2.376106050075e+04 
       2.302657776011e-02       2.374896266774e+04 
       2.316208356826e-02       2.373573657718e+04 
       2.329769230419e-02       2.372240958099e+04 
       2.343340608434e-02       2.370768707087e+04 
       2.356922707614e-02       2.369257589677e+04 
       2.370515749924e-02       2.367681951823e+04 
       2.384119962680e-02       2.366058118027e+04 
       2.397735578684e-02       2.364313728604e+04 
       2.411362836360e-02       2.362532727999e+04 
       2.425001979895e-02       2.360698693111e+04 
       2.438653259385e-02       2.358788278983e+04 
       2.452316930990e-02       2.356769208269e+04 
       2.465993257083e-02       2.354739773162e+04 
       2.479682506414e-02       2.352611229182e+04 
       2.493384954276e-02       2.350437897432e+04 
       2.507100882677e-02       2.348201525730e+04 
       2.520830580515e-02       2.345908805736e+04 
       2.534574343758e-02       2.343568026638e+04 
       2.548332475639e-02       2.341152666862e+04 
       2.562105286847e-02       2.338666951270e+04 
       2.575893095726e-02       2.336138254498e+04 
       2.589696228486e-02       2.333585838122e+04 
       2.603515019419e-02       2.330934288449e+04 
       2.617349811117e-02       2.328238742881e+04 
       2.631200954705e-02       2.325494789958e+04 
       2.645068810077e-02       2.322698605120e+04 
       2.658953746141e-02       2.319844092128e+04 
       2.672856141076e-02       2.316952353519e+04 
       2.686776382590e-02       2.314000063234e+04 
       2.700714868199e-02       2.310988373202e+04 
       2.714672005500e-02       2.307944225460e+04 
       2.728648212471e-02       2.304861316602e+04 
       2.742643917767e-02       2.301707917320e+04 
       2.756659561037e-02       2.298532046938e+04 
       2.770695593244e-02       2.295307110265e+04 
       2.784752477006e-02       2.292026637683e+04 
       2.798830686938e-02       2.288709658819e+04 
       2.812930710019e-02       2.285346179976e+04 
       2.827053045963e-02       2.281940962921e+04 
       2.841198207609e-02       2.278498974059e+04 
       2.855366721320e-02       2.275000441926e+04 
       2.869559127410e-02       2.271474549525e+04 
       2.883775980568e-02       2.267920249811e+04 
       2.898017850316e-02       2.264306332503e+04 
       2.912285321476e-02       2.260675122360e+04 
       2.926578994656e-02       2.256994753763e+04 
       2.940899486755e-02       2.253267140303e+04 
       2.955247431491e-02       2.249511832436e+04 
       2.969623479949e-02       2.245749037118e+04 
       2.984028301147e-02       2.241904580064e+04 
       2.998462582631e-02       2.238045767792e+04 
       3.012927031090e-02       2.234151416299e+04 
       3.027422372998e-02       2.230228106866e+04 
       3.041949355287e-02       2.226268961929e+04 
       3.056508746036e-02       2.222285636769e+04 
       3.071101335206e-02       2.218262788646e+04 
       3.085727935391e-02       2.214225715268e+04 
       3.100389382612e-02       2.210130713113e+04 
       3.115086537141e-02       2.206020320051e+04 
       3.129820284358e-02       2.201887089468e+04 
       3.144591535656e-02       2.197705175948e+04 
       3.159401229375e-02       2.193509002911e+04 
       3.174250331785e-02       2.189281349531e+04 
       3.189139838112e-02       2.185026625719e+04 
       3.204070773608e-02       2.180746244639e+04 
       3.219044194680e-02       2.176437508541e+04 
       3.234061190055e-02       2.172109664422e+04 
       3.249122882021e-02       2.167741429045e+04 
       3.264230427708e-02       2.163362228432e+04 
       3.279385020442e-02       2.158938424287e+04 
       3.294587891161e-02       2.154513985460e+04 
       3.309840309900e-02       2.150041882182e+04 
       3.325143587351e-02       2.145555805161e+04 
       3.340499076500e-02       2.141043107361e+04 
       3.355908174347e-02       2.136512680017e+04 
       3.371372323713e-02       2.131954413496e+04 
       3.386893015141e-02       2.127374958222e+04 
       3.402471788894e-02       2.122779544709e+04 
       3.418110237061e-02       2.118145157761e+04 
       3.433810005775e-02       2.113503582611e+04 
       3.449572797544e-02       2.108832129109e+04 
       3.465400373717e-02       2.104145411766e+04 
       3.481294557078e-02       2.099421298310e+04 
       3.497257234591e-02       2.094682097854e+04 
       3.513290360290e-02       2.089924730843e+04 
       3.529395958343e-02       2.085147103847e+04 
       3.545576126281e-02       2.080353014544e+04 
       3.561833038423e-02       2.075532522039e+04 
       3.578168949500e-02       2.070688922124e+04 
       3.594586198487e-02       2.065819495859e+04 
       3.611087212674e-02       2.060933401610e+04 
       3.627674511981e-02       2.056026870104e+04 
       3.644350713535e-02       2.051114979449e+04 
       3.661118536537e-02       2.046162481234e+04 
       3.677980807431e-02       2.041193194093e+04 
       3.694940465406e-02       2.036189831240e+04 
       3.712000568249e-02       2.031189599803e+04 
       3.729164298586e-02       2.026153758081e+04 
       3.746434970528e-02       2.021101321629e+04 
       3.763816036773e-02       2.016026158018e+04 
       3.781311096183e-02       2.010915162565e+04 
       3.798923901883e-02       2.005805054618e+04 
       3.816658369928e-02       2.000657359594e+04 
       3.834518588581e-02       1.995491109568e+04 
       3.852508828257e-02       1.990308541867e+04 
       3.870633552187e-02       1.985094470731e+04 
       3.888897427872e-02       1.979848001466e+04 
       3.907305339393e-02       1.974584741566e+04 
       3.925862400648e-02       1.969310266835e+04 
       3.944573969620e-02       1.964005250176e+04 
       3.963445663745e-02       1.958658360823e+04 
       3.982483376514e-02       1.953297410574e+04 
       4.001693295396e-02       1.947898460599e+04 
       4.021081921239e-02       1.942499796526e+04 
       4.040656089278e-02       1.937046561253e+04 
       4.060422991909e-02       1.931576732217e+04 
       4.080390203428e-02       1.926072165548e+04 
       4.100565706917e-02       1.920525201428e+04 
       4.120957923515e-02       1.914965390799e+04 
       4.141575744327e-02       1.909365251139e+04 
       4.162428565261e-02       1.903716569847e+04 
       4.183526325106e-02       1.898046188156e+04 
       4.204879547239e-02       1.892340102002e+04 
       4.226499385344e-02       1.886602089291e+04 
       4.248397673654e-02       1.880803606798e+04 
       4.270586982207e-02       1.874992646954e+04 
       4.293080677764e-02       1.869114341307e+04 
       4.315892991067e-02       1.863200764086e+04 
       4.339039091230e-02       1.857240330459e+04 
       4.362535168203e-02       1.851242360306e+04 
       4.386398524334e-02       1.845187889068e+04 
       4.410647676265e-02       1.839058529456e+04 
       4.435302468568e-02       1.832890446797e+04 
       4.460384200738e-02       1.826667578392e+04 
       4.485915769461e-02       1.820393072937e+04 
       4.511921828359e-02       1.814018589330e+04 
       4.538428967814e-02       1.807595148770e+04 
       4.565465917904e-02       1.801100548858e+04 
       4.593063778050e-02       1.794530731038e+04 
       4.621256277599e-02       1.787876869771e+04 
       4.650080072378e-02       1.781159331089e+04 
       4.679575083194e-02       1.774334493733e+04 
       4.709784883434e-02       1.767393002121e+04 
       4.740757144320e-02       1.760380590312e+04 
       4.772544148158e-02       1.753233851276e+04 
       4.805203382032e-02       1.745991037351e+04 
       4.838798227099e-02       1.738602546344e+04 
       4.873398761921e-02       1.731099946114e+04 
       4.909082702451e-02       1.723433602629e+04 
       4.945936506417e-02       1.715623473512e+04 
       4.984056676441e-02       1.707642613786e+04 
       5.023551304404e-02       1.699461587954e+04 
       5.064541910071e-02       1.691105311448e+04 
       5.107165640214e-02       1.682500197353e+04 
       5.151577911417e-02       1.673686527844e+04 
       5.197955601269e-02       1.664597566023e+04 
       5.246500920130e-02       1.655213336534e+04 
       5.297446130505e-02       1.645524899939e+04 
       5.351059325009e-02       1.635482981465e+04 
       5.407651528597e-02       1.625008365772e+04 
       5.467585457121e-02       1.614115288263e+04 
       5.531286341570e-02       1.602701735464e+04 
       5.599255310079e-02       1.590659842316e+04 
       5.672085892584e-02       1.578009690291e+04 
       5.750484239921e-02       1.564617068660e+04 
       5.835293553533e-02       1.550280855058e+04 
       5.927522849681e-02       1.534926697782e+04 
       6.028379238887e-02       1.518316737643e+04 
       6.139300860237e-02       1.500274854552e+04 
       6.261983613315e-02       1.480452657743e+04 
       6.398387726024e-02       1.458500797977e+04 
       6.550699140572e-02       1.434056146967e+04 
       6.721207299928e-02       1.406621135346e+04 
       6.912054108628e-02       1.375694847429e+04 
       7.124830782154e-02       1.340862443595e+04 
       7.360079361611e-02       1.301805188281e+04 
       7.616887470074e-02       1.258772849795e+04 
       7.892841306892e-02       1.212197944113e+04 
       8.184464944463e-02       1.163229412934e+04 
       8.487960119692e-02       1.113166830033e+04 
       8.799876336976e-02       1.063470997077e+04 
       9.117468535336e-02       1.015503538330e+04 
       9.438748529158e-02       9.703035571311e+03 
       9.762365627440e-02       9.285877238031e+03 
       1.008744009927e-01       8.907207287921e+03 
       1.041341421156e-01       8.567028313806e+03 
       1.073994030380e-01       8.262741502492e+03 
       1.106680391520e-01       7.989771426270e+03 
       1.139387358968e-01       7.741841454606e+03 
       1.172106905424e-01       7.512320230044e+03 
       1.204834139605e-01       7.294957383930e+03 
       1.237566084322e-01       7.084068788860e+03 
       1.270300928012e-01       6.874856906119e+03 
       1.303037568017e-01       6.664613932579e+03 
       1.335775332528e-01       6.451971960129e+03 
       1.368513811525e-01       6.237162335888e+03 
       1.401252754074e-01       6.021569799756e+03 
       1.433992005960e-01       5.807690639454e+03 
       1.466731471811e-01       5.598322965354e+03 
       1.499471092107e-01       5.396563651413e+03 
       1.532210829214e-01       5.204880500468e+03 
       1.564950658895e-01       5.025181436376e+03 
       1.597690565153e-01       4.858871385111e+03 
       1.630430537090e-01       4.706107571516e+03 
       1.663170566991e-01       4.566493979189e+03 
       1.695910649155e-01       4.438883979755e+03 
       1.728650779177e-01       4.321651011421e+03 
       1.761390953508e-01       4.212846167793e+03 
       1.794131169179e-01       4.110216398769e+03 
       1.826871423632e-01       4.011796007959e+03 
       1.859611714608e-01       3.915895634507e+03 
       1.892352040076e-01       3.820899970072e+03 
       1.925092398192e-01       3.726084032095e+03 
       1.957832787261e-01       3.631168882960e+03 
       1.990573205716e-01       3.535782617155e+03 
       2.023313652103e-01       3.440605627197e+03 
       2.056054125069e-01       3.346160979488e+03 
       2.088794623346e-01       3.253336427481e+03 
       2.121535145752e-01       3.163042605723e+03 
       2.154275691175e-01       3.076068847169e+03 
       2.187016258573e-01       2.993225358040e+03 
       2.219756846965e-01       2.914946591142e+03 
       2.252497455430e-01       2.841332175998e+03 
       2.285238083096e-01       2.772375717295e+03 
       2.317978729146e-01       2.707648357966e+03 
       2.350719392806e-01       2.646624923981e+03 
       2.383460073345e-01       2.588742444445e+03 
       2.416200770071e-01       2.533369946969e+03 
       2.448941482332e-01       2.480039865118e+03 
       2.481682209509e-01       2.428154952049e+03 
       2.514422951015e-01       2.377459435889e+03 
       2.547163706294e-01       2.327613315755e+03 
       2.579904474819e-01       2.278285930071e+03 
       2.612645256088e-01       2.229462830625e+03 
       2.645386049625e-01       2.181093844437e+03 
       2.678126854978e-01       2.133277428834e+03 
       2.710867671716e-01       2.086267572992e+03 
       2.743608499429e-01       2.040233826056e+03 
       2.776349337726e-01       1.995487639981e+03 
       2.809090186235e-01       1.952184354655e+03 
       2.841831044602e-01       1.910454542287e+03 
       2.874571912486e-01       1.870368301169e+03 
       2.907312789566e-01       1.831955161379e+03 
       2.940053675533e-01       1.795148734795e+03 
       2.972794570090e-01       1.759905545019e+03 
       3.005535472955e-01       1.726051925835e+03 
       3.038276383860e-01       1.693498669664e+03 
       3.071017302544e-01       1.662044826863e+03 
       3.103758228762e-01       1.631471893625e+03 
       3.136499162275e-01       1.601691099413e+03 
       3.169240102856e-01       1.572452554778e+03 
       3.201981050287e-01       1.543703613115e+03 
       3.234722004360e-01       1.515395607953e+03 
       3.267462964873e-01       1.487494541255e+03 
       3.300203931635e-01       1.460129042615e+03 
       3.332944904459e-01       1.433207470146e+03 
       3.365685883169e-01       1.406870320933e+03 
       3.398426867593e-01       1.381127581972e+03 
       3.431167857567e-01       1.356034618521e+03 
       3.463908852933e-01       1.331580681481e+03 
       3.496649853538e-01       1.307780275146e+03 
       3.529390859237e-01       1.284719814049e+03 
       3.562131869887e-01       1.262355445557e+03 
       3.594872885354e-01       1.240700835969e+03 
       3.627613905506e-01       1.219709709261e+03 
       3.660354930217e-01       1.199346079698e+03 
       3.693095959365e-01       1.179528864198e+03 
       3.725836992832e-01       1.160221329673e+03 
       3.758578030506e-01       1.141331131857e+03 
       3.791319072277e-01       1.122853481257e+03 
       3.824060118039e-01       1.104748718763e+03 
       3.856801167689e-01       1.087001618908e+03 
       3.889542221131e-01       1.069604365057e+03 
       3.922283278267e-01       1.052505242449e+03 
       3.955024339006e-01       1.035727933480e+03 
       3.987765403260e-01       1.019282001975e+03 
       4.020506470940e-01       1.003116593538e+03 
       4.053247541966e-01       9.872844162688e+02 
       4.085988616254e-01       9.718151250856e+02 
       4.118729693728e-01       9.567113349572e+02 
       4.151470774312e-01       9.419794688916e+02 
       4.184211857933e-01       9.276217157362e+02 
       4.216952944518e-01       9.135994358979e+02 
       4.249694034001e-01       8.998820791249e+02 
       4.282435126313e-01       8.864910355114e+02 
       4.315176221391e-01       8.733927297179e+02 
       4.347917319171e-01       8.605869551145e+02 
       4.380658419594e-01       8.480428833184e+02 
       4.413399522599e-01       8.357623860357e+02 
       4.446140628129e-01       8.237269494076e+02 
       4.478881736129e-01       8.119197305365e+02 
       4.511622846546e-01       8.003445211763e+02 
       4.544363959326e-01       7.889698326721e+02 
       4.577105074418e-01       7.778029613469e+02 
       4.609846191774e-01       7.668457320150e+02 
       4.642587311345e-01       7.561007528138e+02 
       4.675328433084e-01       7.455680649644e+02 
       4.708069556947e-01       7.352452219375e+02 
       4.740810682888e-01       7.251245242423e+02 
       4.773551810865e-01       7.151980006368e+02 
       4.806292940837e-01       7.054581986062e+02 
       4.839034072762e-01       6.959003042147e+02 
       4.871775206601e-01       6.865257489604e+02 
       4.904516342316e-01       6.773343196798e+02 
       4.937257479869e-01       6.683255268445e+02 
       4.969998619224e-01       6.594957008082e+02 
       5.002739760345e-01       6.508383389305e+02 
       5.035480903198e-01       6.423428620873e+02 
       5.068222047749e-01       6.340020876626e+02 
       5.100963193965e-01       6.258089176743e+02 
       5.133704341814e-01       6.177604093852e+02 
       5.166445491266e-01       6.098553316246e+02 
       5.199186642289e-01       6.020933005542e+02 
       5.231927794854e-01       5.944709097132e+02 
       5.264668948933e-01       5.869825347324e+02 
       5.297410104497e-01       5.796202624404e+02 
       5.330151261518e-01       5.723839403634e+02 
       5.362892419971e-01       5.652641645507e+02 
       5.395633579828e-01       5.582625157097e+02 
       5.428374741064e-01       5.513819077419e+02 
       5.461115903655e-01       5.446226624163e+02 
       5.493857067576e-01       5.379855160828e+02 
       5.526598232804e-01       5.314671512070e+02 
       5.559339399314e-01       5.250638513562e+02 
       5.592080567086e-01       5.187692715964e+02 
       5.624821736096e-01       5.125785658829e+02 
       5.657562906323e-01       5.064894416347e+02 
       5.690304077746e-01       5.005012981281e+02 
       5.723045250344e-01       4.946137125264e+02 
       5.755786424098e-01       4.888260552500e+02 
       5.788527598987e-01       4.831351574535e+02 
       5.821268774992e-01       4.775371991983e+02 
       5.854009952095e-01       4.720273821458e+02 
       5.886751130278e-01       4.666023282867e+02 
       5.919492309521e-01       4.612601720087e+02 
       5.952233489809e-01       4.560004922730e+02 
       5.984974671123e-01       4.508258556662e+02 
       6.017715853446e-01       4.457356300540e+02 
       6.050457036763e-01       4.407291833727e+02 
       6.083198221057e-01       4.358031278105e+02 
       6.115939406313e-01       4.309539182747e+02 
       6.148680592514e-01       4.261783831529e+02 
       6.181421779647e-01       4.214750873506e+02 
       6.214162967696e-01       4.168419224828e+02 
       6.246904156647e-01       4.122802334030e+02 
       6.279645346485e-01       4.077904751844e+02 
       6.312386537197e-01       4.033720156942e+02 
       6.345127728770e-01       3.990224955594e+02 
       6.377868921189e-01       3.947389484000e+02 
       6.410610114443e-01       3.905181260210e+02 
       6.443351308517e-01       3.863582158905e+02 
       6.476092503400e-01       3.822581728493e+02 
       6.508833699080e-01       3.782186080950e+02 
       6.541574895545e-01       3.742402196466e+02 
       6.574316092782e-01       3.703222882790e+02 
       6.607057290780e-01       3.664632903216e+02 
       6.639798489528e-01       3.626608879540e+02 
       6.672539689016e-01       3.589122900659e+02 
       6.705280889231e-01       3.552156923108e+02 
       6.738022090163e-01       3.515704113303e+02 
       6.770763291803e-01       3.479768923571e+02 
       6.803504494139e-01       3.444357213319e+02 
       6.836245697162e-01       3.409469397810e+02 
       6.868986900862e-01       3.375094190361e+02 
       6.901728105229e-01       3.341215630432e+02 
       6.934469310254e-01       3.307805548184e+02 
       6.967210515927e-01       3.274846033440e+02 
       6.999951722240e-01       3.242330808995e+02 
       7.032692929182e-01       3.210257353136e+02 
       7.065434136747e-01       3.178633596361e+02 
       7.098175344924e-01       3.147458189893e+02 
       7.130916553706e-01       3.116713283721e+02 
       7.163657763084e-01       3.086410539277e+02 
       7.196398973050e-01       3.056517060386e+02 
       7.229140183596e-01       3.027015606377e+02 
       7.261881394715e-01       2.997895464746e+02 
       7.294622606398e-01       2.969187372728e+02 
       7.327363818637e-01       2.940835674924e+02 
       7.360105031426e-01       2.912872948164e+02 
       7.392846244757e-01       2.885297114591e+02 
       7.425587458623e-01       2.858095648440e+02 
       7.458328673017e-01       2.831252356816e+02 
       7.491069887932e-01       2.804752587804e+02 
       7.523811103361e-01       2.778585256685e+02 
       7.556552319297e-01       2.752747610893e+02 
       7.589293535734e-01       2.727244407725e+02 
       7.622034752665e-01       2.702079428947e+02 
       7.654775970085e-01       2.677251968610e+02 
       7.687517187986e-01       2.652754311828e+02 
       7.720258406363e-01       2.628573049071e+02 
       7.752999625209e-01       2.604691645364e+02 
       7.785740844519e-01       2.581102250366e+02 
       7.818482064287e-01       2.557798920127e+02 
       7.851223284506e-01       2.534785476152e+02 
       7.883964505173e-01       2.512066111619e+02 
       7.916705726280e-01       2.489641603651e+02 
       7.949446947822e-01       2.467505961528e+02 
       7.982188169795e-01       2.445651058640e+02 
       8.014929392192e-01       2.424058810615e+02 
       8.047670615009e-01       2.402724165483e+02 
       8.080411838240e-01       2.381641926453e+02 
       8.113153061880e-01       2.360811900615e+02 
       8.145894285926e-01       2.340239988451e+02 
       9.053400015271e-01       1.857493705680e+02 
       1.045834679900e+00       1.348483295465e+02 
       1.272991901346e+00       8.644271964332e+01 
       1.596715500037e+00       5.122253460785e+01 
