# Matter power spectrum P(k) at redshift z=0
# for k=1.10911e-05 to 1.01532 h/Mpc,
# number of wavenumbers equal to 611
#    1:k (h/Mpc)              2:P (Mpc/h)^3        
       1.109105244555e-05       4.349276239867e+01 
       2.421628128660e-05       9.242209759370e+01 
       3.739065843539e-05       1.405372083012e+02 
       5.065099487231e-05       1.883134217018e+02 
       6.403474475518e-05       2.360226320249e+02 
       7.758035212412e-05       2.838688771319e+02 
       9.132760925188e-05       3.320264753854e+02 
       1.053180315668e-04       3.806565663896e+02 
       1.195952541129e-04       4.299152207171e+02 
       1.342054545445e-04       4.799588009232e+02 
       1.491978076508e-04       5.309476614156e+02 
       1.646249763107e-04       5.830494857796e+02 
       1.805436435395e-04       6.364416597321e+02 
       1.970150897901e-04       6.913147100506e+02 
       2.141058188176e-04       7.478743607783e+02 
       2.318882340100e-04       8.063450715511e+02 
       2.504413649396e-04       8.669730070872e+02 
       2.698516407016e-04       9.300294215786e+02 
       2.902137020413e-04       9.958142460301e+02 
       3.116312379150e-04       1.064659920022e+03 
       3.342178235095e-04       1.136935055798e+03 
       3.580977253886e-04       1.213048303689e+03 
       3.834066249208e-04       1.293451567803e+03 
       4.102921932755e-04       1.378642658393e+03 
       4.389144302833e-04       1.469166704410e+03 
       4.694456563403e-04       1.565615706599e+03 
       5.020700234929e-04       1.668625689996e+03 
       5.369823927070e-04       1.778870455128e+03 
       5.743864150161e-04       1.897051313244e+03 
       6.144916627191e-04       2.023882268094e+03 
       6.575096924460e-04       2.160069894568e+03 
       7.036489936385e-04       2.306288853400e+03 
       7.531088889782e-04       2.463153130785e+03 
       8.060726045137e-04       2.631185298667e+03 
       8.626999010251e-04       2.810785873077e+03 
       9.231198242195e-04       3.002205789052e+03 
       9.874242478384e-04       3.205525531665e+03 
       1.055662907469e-03       3.420642524180e+03 
       1.127840524681e-03       3.647269956385e+03 
       1.203916401257e-03       3.884946337264e+03 
       1.283806558096e-03       4.133055267790e+03 
       1.367388167675e-03       4.390852862879e+03 
       1.454505755659e-03       4.657500128582e+03 
       1.544978482491e-03       4.932095868624e+03 
       1.638607781600e-03       5.213709500853e+03 
       1.735184712947e-03       5.501408348038e+03 
       1.834496549178e-03       5.794280179411e+03 
       1.936332299116e-03       6.091422586448e+03 
       2.040487049326e-03       6.392040847960e+03 
       2.146765143841e-03       6.695370161346e+03 
       2.254982315554e-03       7.000707955305e+03 
       2.364966933027e-03       7.307414888228e+03 
       2.476560542389e-03       7.614913462035e+03 
       2.589617876845e-03       7.922685602441e+03 
       2.704006485819e-03       8.230268637622e+03 
       2.819606109677e-03       8.537250966152e+03 
       2.936307899240e-03       8.843268547560e+03 
       3.054013554970e-03       9.147999373226e+03 
       3.172634439997e-03       9.451160049083e+03 
       3.292090704518e-03       9.752502788566e+03 
       3.412310446175e-03       1.005180864018e+04 
       3.533228921414e-03       1.034888750595e+04 
       3.654787815841e-03       1.064357310847e+04 
       3.776934576729e-03       1.093572067558e+04 
       3.899621807510e-03       1.122520446738e+04 
       4.022806722011e-03       1.151191710903e+04 
       4.146450654858e-03       1.179576486319e+04 
       4.270518623842e-03       1.207666640098e+04 
       4.394978939725e-03       1.235455478214e+04 
       4.519802858976e-03       1.262937065482e+04 
       4.644964275069e-03       1.290106820155e+04 
       4.770439444265e-03       1.316960540079e+04 
       4.896206742072e-03       1.343494978366e+04 
       5.022246446962e-03       1.369707615240e+04 
       5.148540548223e-03       1.395596270060e+04 
       5.275072575166e-03       1.421159893838e+04 
       5.401827445209e-03       1.446397389348e+04 
       5.528791328635e-03       1.471307535637e+04 
       5.655951528082e-03       1.495892361017e+04 
       5.783296371051e-03       1.520163474215e+04 
       5.910815113908e-03       1.544087486896e+04 
       6.038497856066e-03       1.567686619245e+04 
       6.166335463161e-03       1.590960572042e+04 
       6.294319498207e-03       1.613912991410e+04 
       6.422442159806e-03       1.636543981024e+04 
       6.550696226642e-03       1.658859158383e+04 
       6.679075007536e-03       1.680843681984e+04 
       6.807572296456e-03       1.702512859220e+04 
       6.936182331940e-03       1.723868004923e+04 
       7.064899760451e-03       1.744909920864e+04 
       7.193719603236e-03       1.765643588224e+04 
       7.322637226324e-03       1.786062246144e+04 
       7.451648313332e-03       1.806175970792e+04 
       7.580748840775e-03       1.825981266561e+04 
       7.709935055644e-03       1.845478404658e+04 
       7.839203454993e-03       1.864675912292e+04 
       7.968550767355e-03       1.883576845719e+04 
       8.097973935798e-03       1.902180749005e+04 
       8.227470102455e-03       1.920490058308e+04 
       8.357036594382e-03       1.938509565979e+04 
       8.486670910633e-03       1.956241709747e+04 
       8.616370710411e-03       1.973683574080e+04 
       8.746133802219e-03       1.990842631137e+04 
       8.875958133895e-03       2.007717010754e+04 
       9.005841783465e-03       2.024314260556e+04 
       9.135782950734e-03       2.040630417570e+04 
       9.265779949550e-03       2.056674760847e+04 
       9.395831200677e-03       2.072447759377e+04 
       9.525935225229e-03       2.087951095588e+04 
       9.656090638610e-03       2.103179875830e+04 
       9.786296144927e-03       2.118151610508e+04 
       9.916550531820e-03       2.132861312376e+04 
       1.004685266569e-02       2.147313414950e+04 
       1.017720148727e-02       2.161509495631e+04 
       1.030759600757e-02       2.175436953877e+04 
       1.043803530402e-02       2.189131741095e+04 
       1.056851851706e-02       2.202563310347e+04 
       1.069904484678e-02       2.215746275554e+04 
       1.082961354998e-02       2.228684950084e+04 
       1.096022393732e-02       2.241389528983e+04 
       1.109087537074e-02       2.253845584181e+04 
       1.122156726103e-02       2.266064781173e+04 
       1.135229906560e-02       2.278043575399e+04 
       1.148307028638e-02       2.289794614534e+04 
       1.161388046787e-02       2.301319419565e+04 
       1.174472919537e-02       2.312606439821e+04 
       1.187561609327e-02       2.323665116083e+04 
       1.200654082348e-02       2.334503677412e+04 
       1.213750308403e-02       2.345125846151e+04 
       1.226850260768e-02       2.355526791503e+04 
       1.239953916068e-02       2.365695303359e+04 
       1.253061254161e-02       2.375662527905e+04 
       1.266172258028e-02       2.385415305501e+04 
       1.279286913674e-02       2.394956168979e+04 
       1.292405210035e-02       2.404284544506e+04 
       1.305527138894e-02       2.413405359352e+04 
       1.318652694793e-02       2.422316515319e+04 
       1.331781874970e-02       2.431038127560e+04 
       1.344914679282e-02       2.439550710883e+04 
       1.358051110146e-02       2.447862375368e+04 
       1.371191172480e-02       2.455976672891e+04 
       1.384334873649e-02       2.463910595492e+04 
       1.397482223420e-02       2.471632299857e+04 
       1.410633233910e-02       2.479183130507e+04 
       1.423787919554e-02       2.486532070822e+04 
       1.436946297060e-02       2.493697890017e+04 
       1.450108385384e-02       2.500680593167e+04 
       1.463274205691e-02       2.507478345346e+04 
       1.476443781336e-02       2.514094650265e+04 
       1.489617137838e-02       2.520532148944e+04 
       1.502794302859e-02       2.526793137778e+04 
       1.515975306184e-02       2.532880219920e+04 
       1.529160179713e-02       2.538789010950e+04 
       1.542348957441e-02       2.544535357589e+04 
       1.555541675453e-02       2.550104769946e+04 
       1.568738371914e-02       2.555509799921e+04 
       1.581939087067e-02       2.560746985690e+04 
       1.595143863225e-02       2.565816515351e+04 
       1.608352744777e-02       2.570733287473e+04 
       1.621565778184e-02       2.575487015177e+04 
       1.634783011985e-02       2.580078906783e+04 
       1.648004496801e-02       2.584520462881e+04 
       1.661230285347e-02       2.588800494932e+04 
       1.674460432434e-02       2.592920711578e+04 
       1.687694994987e-02       2.596895246782e+04 
       1.700934032054e-02       2.600725750100e+04 
       1.714177604822e-02       2.604395545186e+04 
       1.727425776636e-02       2.607923668071e+04 
       1.740678613012e-02       2.611313264763e+04 
       1.753936181664e-02       2.614555283612e+04 
       1.767198552521e-02       2.617660454768e+04 
       1.780465797750e-02       2.620615617628e+04 
       1.793737991785e-02       2.623443614951e+04 
       1.807015211353e-02       2.626130300787e+04 
       1.820297535500e-02       2.628671542701e+04 
       1.833585045623e-02       2.631090283446e+04 
       1.846877825502e-02       2.633377467107e+04 
       1.860175961335e-02       2.635531858876e+04 
       1.873479541770e-02       2.637549930221e+04 
       1.886788657943e-02       2.639450014673e+04 
       1.900103403520e-02       2.641222780540e+04 
       1.913423874732e-02       2.642862481193e+04 
       1.926750170423e-02       2.644394925772e+04 
       1.940082392088e-02       2.645787142870e+04 
       1.953420643923e-02       2.647066707549e+04 
       1.966765032869e-02       2.648232669707e+04 
       1.980115668667e-02       2.649284167326e+04 
       1.993472663901e-02       2.650217208130e+04 
       2.006836134057e-02       2.651038261734e+04 
       2.020206197576e-02       2.651734255514e+04 
       2.033582975911e-02       2.652326586476e+04 
       2.046966593586e-02       2.652820330467e+04 
       2.060357178255e-02       2.653193928008e+04 
       2.073754860768e-02       2.653457038173e+04 
       2.087159775234e-02       2.653621872678e+04 
       2.100572059086e-02       2.653684774049e+04 
       2.113991853157e-02       2.653637101499e+04 
       2.127419301745e-02       2.653485996967e+04 
       2.140854552688e-02       2.653242703348e+04 
       2.154297757446e-02       2.652906735800e+04 
       2.167749071170e-02       2.652447883862e+04 
       2.181208652792e-02       2.651916801686e+04 
       2.194676665105e-02       2.651281610247e+04 
       2.208153274849e-02       2.650554379227e+04 
       2.221638652801e-02       2.649735167488e+04 
       2.235132973868e-02       2.648828573825e+04 
       2.248636417178e-02       2.647826900349e+04 
       2.262149166183e-02       2.646737560805e+04 
       2.275671408756e-02       2.645551612058e+04 
       2.289203337298e-02       2.644290403809e+04 
       2.302745148840e-02       2.642943666629e+04 
       2.316297045161e-02       2.641498752854e+04 
       2.329859232894e-02       2.639993787244e+04 
       2.343431923650e-02       2.638395739747e+04 
       2.357015334138e-02       2.636719958507e+04 
       2.370609686285e-02       2.634964305279e+04 
       2.384215207371e-02       2.633124023128e+04 
       2.397832130160e-02       2.631220206574e+04 
       2.411460693037e-02       2.629225786630e+04 
       2.425101140149e-02       2.627164860299e+04 
       2.438753721552e-02       2.625035059211e+04 
       2.452418693361e-02       2.622832843749e+04 
       2.466096317908e-02       2.620542491809e+04 
       2.479786863897e-02       2.618202279556e+04 
       2.493490606576e-02       2.615788610715e+04 
       2.507207827905e-02       2.613300076471e+04 
       2.520938816733e-02       2.610751404994e+04 
       2.534683868981e-02       2.608128054745e+04 
       2.548443287828e-02       2.605443163800e+04 
       2.562217383910e-02       2.602702017078e+04 
       2.576006475518e-02       2.599888987838e+04 
       2.589810888806e-02       2.597008837798e+04 
       2.603630958007e-02       2.594081089365e+04 
       2.617467025654e-02       2.591089134874e+04 
       2.631319442812e-02       2.588031390040e+04 
       2.645188569311e-02       2.584920271545e+04 
       2.659074773996e-02       2.581757232564e+04 
       2.672978434975e-02       2.578526471775e+04 
       2.686899939892e-02       2.575252602801e+04 
       2.700839686188e-02       2.571913006626e+04 
       2.714798081389e-02       2.568523181035e+04 
       2.728775543396e-02       2.565081554737e+04 
       2.742772500788e-02       2.561598695916e+04 
       2.756789393131e-02       2.558047564897e+04 
       2.770826671307e-02       2.554453246470e+04 
       2.784884797846e-02       2.550804532050e+04 
       2.798964247278e-02       2.547130883665e+04 
       2.813065506487e-02       2.543388820788e+04 
       2.827189075094e-02       2.539597352935e+04 
       2.841335465840e-02       2.535755043103e+04 
       2.855505204989e-02       2.531892504554e+04 
       2.869698832747e-02       2.527958328825e+04 
       2.883916903698e-02       2.523992005580e+04 
       2.898159987253e-02       2.519983464203e+04 
       2.912428668116e-02       2.515937565318e+04 
       2.926723546778e-02       2.511844337473e+04 
       2.941045240012e-02       2.507707012789e+04 
       2.955394381411e-02       2.503538418985e+04 
       2.969771621926e-02       2.499323269606e+04 
       2.984177630437e-02       2.495072215041e+04 
       2.998613094349e-02       2.490770175101e+04 
       3.013078720203e-02       2.486443359441e+04 
       3.027575234321e-02       2.482085901581e+04 
       3.042103383476e-02       2.477691079081e+04 
       3.056663935583e-02       2.473248275818e+04 
       3.071257680432e-02       2.468777685184e+04 
       3.085885430442e-02       2.464275293226e+04 
       3.100548021448e-02       2.459730508723e+04 
       3.115246313531e-02       2.455143086321e+04 
       3.129981191875e-02       2.450545194146e+04 
       3.144753567666e-02       2.445895675818e+04 
       3.159564379031e-02       2.441231721919e+04 
       3.174414592015e-02       2.436524570540e+04 
       3.189305201615e-02       2.431792191708e+04 
       3.204237232842e-02       2.427031684352e+04 
       3.219211741850e-02       2.422246113905e+04 
       3.234229817109e-02       2.417413369563e+04 
       3.249292580632e-02       2.412555990825e+04 
       3.264401189266e-02       2.407683924042e+04 
       3.279556836044e-02       2.402773365711e+04 
       3.294760751594e-02       2.397832725075e+04 
       3.310014205630e-02       2.392875048884e+04 
       3.325318508511e-02       2.387882090257e+04 
       3.340675012873e-02       2.382855981307e+04 
       3.356085115349e-02       2.377815771644e+04 
       3.371550258380e-02       2.372745075794e+04 
       3.387071932109e-02       2.367646511445e+04 
       3.402651676384e-02       2.362530753101e+04 
       3.418291082857e-02       2.357382493697e+04 
       3.433991797203e-02       2.352209759810e+04 
       3.449755521455e-02       2.347009149534e+04 
       3.465584016460e-02       2.341797603566e+04 
       3.481479104478e-02       2.336556609236e+04 
       3.497442671922e-02       2.331284206920e+04 
       3.513476672252e-02       2.325979377537e+04 
       3.529583129028e-02       2.320676022651e+04 
       3.545764139146e-02       2.315321136210e+04 
       3.562021876260e-02       2.309957254800e+04 
       3.578358594397e-02       2.304580934014e+04 
       3.594776631794e-02       2.299166213106e+04 
       3.611278414965e-02       2.293731614875e+04 
       3.627866463014e-02       2.288274657328e+04 
       3.644543392206e-02       2.282790524223e+04 
       3.661311920834e-02       2.277279973213e+04 
       3.678174874387e-02       2.271755954757e+04 
       3.695135191042e-02       2.266200529147e+04 
       3.712195927521e-02       2.260623368927e+04 
       3.729360265322e-02       2.255029290093e+04 
       3.746631517367e-02       2.249406190956e+04 
       3.764013135093e-02       2.243751428846e+04 
       3.781508716027e-02       2.238087667721e+04 
       3.799122011881e-02       2.232380712270e+04 
       3.816856937211e-02       2.226662405388e+04 
       3.834717578690e-02       2.220908683787e+04 
       3.852708205043e-02       2.215139113487e+04 
       3.870833277709e-02       2.209337477531e+04 
       3.889097462281e-02       2.203513414828e+04 
       3.907505640806e-02       2.197661218504e+04 
       3.926062925022e-02       2.191785260544e+04 
       3.944774670602e-02       2.185862402794e+04 
       3.963646492524e-02       2.179938979931e+04 
       3.982684281645e-02       2.173966887265e+04 
       4.001894222626e-02       2.167967395601e+04 
       4.021282813307e-02       2.161935383167e+04 
       4.040856885698e-02       2.155891266370e+04 
       4.060623628741e-02       2.149792125144e+04 
       4.080590613022e-02       2.143665101094e+04 
       4.100765817636e-02       2.137505047451e+04 
       4.121157659433e-02       2.131315170097e+04 
       4.141775024898e-02       2.125082034417e+04 
       4.162627304957e-02       2.118809150837e+04 
       4.183724433020e-02       2.112496161338e+04 
       4.205076926648e-02       2.106153137169e+04 
       4.226695933230e-02       2.099759581571e+04 
       4.248593280173e-02       2.093321812173e+04 
       4.270781530106e-02       2.086845313115e+04 
       4.293274041735e-02       2.080310011900e+04 
       4.316085037031e-02       2.073738942608e+04 
       4.339229675546e-02       2.067098788304e+04 
       4.362724136779e-02       2.060421329486e+04 
       4.386585711646e-02       2.053673573394e+04 
       4.410832904262e-02       2.046877146281e+04 
       4.435485545434e-02       2.040007890702e+04 
       4.460564919521e-02       2.033092157121e+04 
       4.486093906518e-02       2.026094941788e+04 
       4.512097141612e-02       2.019020462539e+04 
       4.538601194776e-02       2.011878990534e+04 
       4.565634773442e-02       2.004649780333e+04 
       4.593228951851e-02       1.997341528948e+04 
       4.621417431276e-02       1.989942984020e+04 
       4.650236836170e-02       1.982451040099e+04 
       4.679727052183e-02       1.974850676720e+04 
       4.709931613194e-02       1.967154162297e+04 
       4.740898145908e-02       1.959336419938e+04 
       4.772678882308e-02       1.951395086020e+04 
       4.805331252420e-02       1.943325245797e+04 
       4.838918572486e-02       1.935119733505e+04 
       4.873510846969e-02       1.926755959833e+04 
       4.909185706920e-02       1.918234059612e+04 
       4.946029512434e-02       1.909536501782e+04 
       4.984138653403e-02       1.900662960282e+04 
       5.023621091025e-02       1.891568702432e+04 
       5.064598192906e-02       1.882253884582e+04 
       5.107206927876e-02       1.872700308838e+04 
       5.151602503453e-02       1.862881503842e+04 
       5.197961550432e-02       1.852765392051e+04 
       5.246485986416e-02       1.842333470708e+04 
       5.297407724910e-02       1.831544614764e+04 
       5.350994440435e-02       1.820357427911e+04 
       5.407556654642e-02       1.808713873135e+04 
       5.467456474731e-02       1.796583719457e+04 
       5.531118392627e-02       1.783886570523e+04 
       5.599042636127e-02       1.770539898068e+04 
       5.671821636277e-02       1.756461785867e+04 
       5.750160203032e-02       1.741521801372e+04 
       5.834899907667e-02       1.725601320353e+04 
       5.927047802582e-02       1.708517567542e+04 
       6.027808674817e-02       1.690058482367e+04 
       6.138618004981e-02       1.669970339224e+04 
       6.261168834468e-02       1.647922594788e+04 
       6.397418680634e-02       1.623548003102e+04 
       6.549551626564e-02       1.596369138332e+04 
       6.719857307216e-02       1.565852917486e+04 
       6.910481532684e-02       1.531466938010e+04 
       7.123024729680e-02       1.492710510057e+04 
       7.358043690065e-02       1.449321815321e+04 
       7.614643715947e-02       1.401415453216e+04 
       7.890426288597e-02       1.349640932268e+04 
       8.181923295647e-02       1.295140763731e+04 
       8.485335511902e-02       1.239429957742e+04 
       8.797205417584e-02       1.184134128013e+04 
       9.114778848498e-02       1.130723986220e+04 
       9.436059255477e-02       1.080395987950e+04 
       9.759689460795e-02       1.033940930480e+04 
       1.008478516890e-01       9.917584240403e+03 
       1.041078561658e-01       9.538628618653e+03 
       1.073734120172e-01       9.199649728789e+03 
       1.106423624584e-01       8.895394930833e+03 
       1.139133853916e-01       8.619142599546e+03 
       1.171856734575e-01       8.363542937486e+03 
       1.204587346987e-01       8.121430119133e+03 
       1.237322696720e-01       7.886431970743e+03 
       1.270060961722e-01       7.653551425644e+03 
       1.302801032956e-01       7.419460001790e+03 
       1.335542234739e-01       7.182727884120e+03 
       1.368284154696e-01       6.943553089980e+03 
       1.401026540465e-01       6.703602051601e+03 
       1.433769236959e-01       6.465549689556e+03 
       1.466512148277e-01       6.232577251877e+03 
       1.499255214578e-01       6.007992457168e+03 
       1.531998398030e-01       5.794586353470e+03 
       1.564741674276e-01       5.594586091229e+03 
       1.597485027244e-01       5.409346158140e+03 
       1.630228445989e-01       5.239317050841e+03 
       1.662971922769e-01       5.083782386262e+03 
       1.695715451864e-01       4.941662198506e+03 
       1.728459028857e-01       4.811069579077e+03 
       1.761202650192e-01       4.689756260350e+03 
       1.793946312895e-01       4.575451532051e+03 
       1.826690014402e-01       4.465795451414e+03 
       1.859433752453e-01       4.358865216422e+03 
       1.892177525015e-01       4.253148593108e+03 
       1.924921330241e-01       4.147575040999e+03 
       1.957665166435e-01       4.041772462870e+03 
       1.990409032030e-01       3.935738017928e+03 
       2.023152925570e-01       3.829797175244e+03 
       2.055896845701e-01       3.724719449939e+03 
       2.088640791155e-01       3.621435180334e+03 
       2.121384760747e-01       3.520918457724e+03 
       2.154128753367e-01       3.424203233372e+03 
       2.186872767971e-01       3.332002968591e+03 
       2.219616803578e-01       3.244863677024e+03 
       2.252360859264e-01       3.162940976749e+03 
       2.285104934162e-01       3.086160899271e+03 
       2.317849027449e-01       3.014091647421e+03 
       2.350593138353e-01       2.946116987717e+03 
       2.383337266142e-01       2.881617157911e+03 
       2.416081410125e-01       2.819955808581e+03 
       2.448825569648e-01       2.760496072031e+03 
       2.481569744092e-01       2.702756278498e+03 
       2.514313932871e-01       2.646287546988e+03 
       2.547058135427e-01       2.590738227368e+03 
       2.579802351233e-01       2.535854299160e+03 
       2.612546579788e-01       2.481485828857e+03 
       2.645290820615e-01       2.427649165875e+03 
       2.678035073262e-01       2.374443511444e+03 
       2.710779337297e-01       2.322103791476e+03 
       2.743523612310e-01       2.270910322956e+03 
       2.776267897911e-01       2.221100799067e+03 
       2.809012193727e-01       2.172906335308e+03 
       2.841756499404e-01       2.126489234891e+03 
       2.874500814601e-01       2.081891068018e+03 
       2.907245138996e-01       2.039132438660e+03 
       2.939989472280e-01       1.998174694995e+03 
       2.972733814158e-01       1.958912658667e+03 
       3.005478164346e-01       1.921232810063e+03 
       3.038222522575e-01       1.884967234689e+03 
       3.070966888586e-01       1.849927872094e+03 
       3.103711262132e-01       1.815904197366e+03 
       3.136455642976e-01       1.782696265422e+03 
       3.169200030889e-01       1.750144214116e+03 
       3.201944425655e-01       1.718124912921e+03 
       3.234688827063e-01       1.686611714615e+03 
       3.267433234914e-01       1.655586832093e+03 
       3.300177649014e-01       1.625088157999e+03 
       3.332922069179e-01       1.595165223097e+03 
       3.365666495230e-01       1.565863053439e+03 
       3.398410926997e-01       1.537215351363e+03 
       3.431155364315e-01       1.509267688211e+03 
       3.463899807026e-01       1.482044395672e+03 
       3.496644254978e-01       1.455574456258e+03 
       3.529388708024e-01       1.429895601330e+03 
       3.562133166024e-01       1.405012927635e+03 
       3.594877628840e-01       1.380909964324e+03 
       3.627622096343e-01       1.357550958295e+03 
       3.660366568405e-01       1.334888193525e+03 
       3.693111044906e-01       1.312830462479e+03 
       3.725855525727e-01       1.291315101563e+03 
       3.758600010755e-01       1.270297034481e+03 
       3.791344499880e-01       1.249721975870e+03 
       3.824088992998e-01       1.229568553089e+03 
       3.856833490005e-01       1.209807088647e+03 
       3.889577990803e-01       1.190426762457e+03 
       3.922322495298e-01       1.171403760671e+03 
       3.955067003395e-01       1.152731464604e+03 
       3.987811515008e-01       1.134400238952e+03 
       4.020556030048e-01       1.116423810656e+03 
       4.053300548434e-01       1.098820536471e+03 
       4.086045070083e-01       1.081601988334e+03 
       4.118789594919e-01       1.064792653145e+03 
       4.151534122865e-01       1.048392809542e+03 
       4.184278653848e-01       1.032402996368e+03 
       4.217023187796e-01       1.016790799592e+03 
       4.249767724642e-01       1.001542522426e+03 
       4.282512264319e-01       9.866375836710e+02 
       4.315256806761e-01       9.720562096423e+02 
       4.348001351906e-01       9.577897474492e+02 
       4.380745899693e-01       9.438227714365e+02 
       4.413490450064e-01       9.301545872086e+02 
       4.446235002960e-01       9.167551998442e+02 
       4.478979558327e-01       9.036179092921e+02 
       4.511724116110e-01       8.907246091318e+02 
       4.544468676257e-01       8.780671623791e+02 
       4.577213238717e-01       8.656359713945e+02 
       4.609957803440e-01       8.534435848002e+02 
       4.642702370379e-01       8.414833986474e+02 
       4.675446939486e-01       8.297618433186e+02 
       4.708191510717e-01       8.182730364468e+02 
       4.740936084027e-01       8.070072947570e+02 
       4.773680659374e-01       7.959594684715e+02 
       4.806425236714e-01       7.851200857681e+02 
       4.839169816009e-01       7.744817789644e+02 
       4.871914397218e-01       7.640464769079e+02 
       4.904658980303e-01       7.538172022439e+02 
       4.937403565226e-01       7.437915127291e+02 
       4.970148151952e-01       7.339629802515e+02 
       5.002892740444e-01       7.243280653229e+02 
       5.035637330667e-01       7.148698373477e+02 
       5.068381922589e-01       7.055885723860e+02 
       5.101126516177e-01       6.964690981118e+02 
       5.133871111398e-01       6.875094856104e+02 
       5.166615708221e-01       6.787102771604e+02 
       5.199360306616e-01       6.700723535165e+02 
       5.232104906553e-01       6.615880453521e+02 
       5.264849508004e-01       6.532510511790e+02 
       5.297594110940e-01       6.450594865316e+02 
       5.330338715334e-01       6.370036695173e+02 
       5.363083321159e-01       6.290807559351e+02 
       5.395827928389e-01       6.212895987582e+02 
       5.428572536999e-01       6.136281613520e+02 
       5.461317146963e-01       6.061083419531e+02 
       5.494061758257e-01       5.987202484888e+02 
       5.526806370858e-01       5.914649855853e+02 
       5.559550984742e-01       5.843416974181e+02 
       5.592295599887e-01       5.773345352945e+02 
       5.625040216271e-01       5.704432284910e+02 
       5.657784833872e-01       5.636662303493e+02 
       5.690529452669e-01       5.570020555658e+02 
       5.723274072641e-01       5.504488951696e+02 
       5.756018693769e-01       5.440046160090e+02 
       5.788763316032e-01       5.376731445371e+02 
       5.821507939412e-01       5.314419192876e+02 
       5.854252563890e-01       5.253097642359e+02 
       5.886997189447e-01       5.192708301608e+02 
       5.919741816065e-01       5.133257379936e+02 
       5.952486443727e-01       5.074727824748e+02 
       5.985231072416e-01       5.017126927830e+02 
       6.017975702114e-01       4.960479377177e+02 
       6.050720332806e-01       4.904765966812e+02 
       6.083464964475e-01       4.849943281042e+02 
       6.116209597106e-01       4.795972751895e+02 
       6.148954230683e-01       4.742816839952e+02 
       6.181698865191e-01       4.690462245440e+02 
       6.214443500615e-01       4.638904770042e+02 
       6.247188136941e-01       4.588135600250e+02 
       6.279932774155e-01       4.538171193833e+02 
       6.312677412243e-01       4.488993057690e+02 
       6.345422051191e-01       4.440575103227e+02 
       6.378166690986e-01       4.392907733718e+02 
       6.410911331615e-01       4.345931373393e+02 
       6.443655973065e-01       4.299616090991e+02 
       6.476400615325e-01       4.254000524535e+02 
       6.509145258380e-01       4.209039858341e+02 
       6.541889902221e-01       4.164751726663e+02 
       6.574634546834e-01       4.121164534089e+02 
       6.607379192208e-01       4.078201213025e+02 
       6.640123838333e-01       4.035902656736e+02 
       6.672868485196e-01       3.994154220224e+02 
       6.705613132787e-01       3.953026970893e+02 
       6.738357781096e-01       3.912458903261e+02 
       6.771102430112e-01       3.872468533001e+02 
       6.803847079825e-01       3.833065814991e+02 
       6.836591730224e-01       3.794233604793e+02 
       6.869336381300e-01       3.755969507729e+02 
       6.902081033044e-01       3.718266672595e+02 
       6.934825685445e-01       3.681085184577e+02 
       6.967570338495e-01       3.644394853258e+02 
       7.000314992184e-01       3.608206994209e+02 
       7.033059646503e-01       3.572504777102e+02 
       7.065804301444e-01       3.537305795176e+02 
       7.098548956998e-01       3.502621170674e+02 
       7.131293613157e-01       3.468403026798e+02 
       7.164038269912e-01       3.434678939927e+02 
       7.196782927255e-01       3.401427701121e+02 
       7.229527585178e-01       3.368594518435e+02 
       7.262272243673e-01       3.336184639646e+02 
       7.295016902732e-01       3.304195245230e+02 
       7.327761562349e-01       3.272656973924e+02 
       7.360506222515e-01       3.241531489288e+02 
       7.393250883223e-01       3.210843267072e+02 
       7.425995544466e-01       3.180569330609e+02 
       7.458740206236e-01       3.150687404360e+02 
       7.491484868528e-01       3.121196148785e+02 
       7.524229531334e-01       3.092077015688e+02 
       7.556974194647e-01       3.063311124334e+02 
       7.589718858462e-01       3.034934503085e+02 
       7.622463522770e-01       3.006928642337e+02 
       7.655208187567e-01       2.979289355713e+02 
       7.687952852845e-01       2.952034365627e+02 
       7.720697518599e-01       2.925131665145e+02 
       7.753442184822e-01       2.898539036121e+02 
       7.786186851509e-01       2.872279820178e+02 
       7.818931518654e-01       2.846349825452e+02 
       7.851676186251e-01       2.820752561088e+02 
       7.884420854295e-01       2.795479154167e+02 
       7.917165522779e-01       2.770515438640e+02 
       7.949910191699e-01       2.745877319079e+02 
       7.982654861048e-01       2.721546740926e+02 
       8.015399530823e-01       2.697518870322e+02 
       8.863180428719e-01       2.166102206755e+02 
       1.015319002677e+00       1.603428962264e+02 
