# Matter power spectrum P(k) at redshift z=0
# for k=1.03017e-05 to 1.06968 h/Mpc,
# number of wavenumbers equal to 603
#    1:k (h/Mpc)              2:P (Mpc/h)^3        
       1.030171817976e-05       5.189028177666e+01 
       2.300171362806e-05       1.130247658510e+02 
       3.574512393247e-05       1.732661400561e+02 
       4.856527756048e-05       2.331841354131e+02 
       6.149603895309e-05       2.931118153227e+02 
       7.457210209151e-05       3.533040973561e+02 
       8.782929319968e-05       4.139823501262e+02 
       1.013048865052e-04       4.753527684458e+02 
       1.150379370116e-04       5.376158636748e+02 
       1.290696342668e-04       6.009723077588e+02 
       1.434436811245e-04       6.656270309110e+02 
       1.582067014504e-04       7.317924706441e+02 
       1.734086805816e-04       7.996913992473e+02 
       1.891034420471e-04       8.695595300880e+02 
       2.053491635114e-04       9.416480505401e+02 
       2.222089340069e-04       1.016226164171e+03 
       2.397513531355e-04       1.093583639613e+03 
       2.580511708529e-04       1.174033455651e+03 
       2.771899634822e-04       1.257914436372e+03 
       2.972568374503e-04       1.345593904153e+03 
       3.183491465807e-04       1.437470272007e+03 
       3.405732012625e-04       1.533975431877e+03 
       3.640449380967e-04       1.635576812528e+03 
       3.888905064475e-04       1.742778933311e+03 
       4.152467136203e-04       1.856124043565e+03 
       4.432612534799e-04       1.976191689499e+03 
       4.730926251288e-04       2.103596639884e+03 
       5.049096306784e-04       2.238984712357e+03 
       5.388903272658e-04       2.383026061299e+03 
       5.752203029307e-04       2.536405277972e+03 
       6.140901548111e-04       2.699808015618e+03 
       6.556920782817e-04       2.873903762397e+03 
       7.002155335532e-04       3.059324896356e+03 
       7.478420454001e-04       3.256642542752e+03 
       7.987393096257e-04       3.466340185801e+03 
       8.530549150773e-04       3.688786768460e+03 
       9.109101205355e-04       3.924211295124e+03 
       9.723942212184e-04       4.172681551445e+03 
       1.037560067908e-03       4.434089239137e+03 
       1.106421239596e-03       4.708143579779e+03 
       1.178951214580e-03       4.994374705906e+03 
       1.255084657222e-03       5.292146595620e+03 
       1.334720682482e-03       5.600671759600e+03 
       1.417727731643e-03       5.919022981831e+03 
       1.503949536356e-03       6.246251452858e+03 
       1.593211588548e-03       6.581321419291e+03 
       1.685327568269e-03       6.923174654112e+03 
       1.780105286382e-03       7.270757061771e+03 
       1.877351839794e-03       7.623040865800e+03 
       1.976877820931e-03       7.979042025369e+03 
       2.078500546673e-03       8.337832759115e+03 
       2.182046362916e-03       8.698549883189e+03 
       2.287352137367e-03       9.060399300920e+03 
       2.394266079727e-03       9.422657141473e+03 
       2.502648032634e-03       9.784668713648e+03 
       2.612369366560e-03       1.014584635632e+04 
       2.723312593978e-03       1.050566669335e+04 
       2.835370797353e-03       1.086366226536e+04 
       2.948446945183e-03       1.121942471102e+04 
       3.062453152020e-03       1.157258936946e+04 
       3.177309923034e-03       1.192284252621e+04 
       3.292945411308e-03       1.226990580033e+04 
       3.409294706441e-03       1.261354006499e+04 
       3.526299165844e-03       1.295353691743e+04 
       3.643905794867e-03       1.328971655736e+04 
       3.762066678164e-03       1.362192585516e+04 
       3.880738462202e-03       1.395003010927e+04 
       3.999881887136e-03       1.427392499920e+04 
       4.119461365285e-03       1.459350928285e+04 
       4.239444602851e-03       1.490871078899e+04 
       4.359802261315e-03       1.521946105501e+04 
       4.480507654886e-03       1.552571148548e+04 
       4.601536480481e-03       1.582742200789e+04 
       4.722866576937e-03       1.612456645748e+04 
       4.844477710348e-03       1.641712061386e+04 
       4.966351382710e-03       1.670507380782e+04 
       5.088470661301e-03       1.698841494110e+04 
       5.210820026490e-03       1.726715270399e+04 
       5.333385235897e-03       1.754128205921e+04 
       5.456153203070e-03       1.781082503581e+04 
       5.579111889016e-03       1.807579727700e+04 
       5.702250205157e-03       1.833619559790e+04 
       5.825557926398e-03       1.859206827178e+04 
       5.949025613189e-03       1.884343516412e+04 
       6.072644541558e-03       1.909031001916e+04 
       6.196406640235e-03       1.933272749809e+04 
       6.320304434086e-03       1.957071482958e+04 
       6.444330993150e-03       1.980428103422e+04 
       6.568479886689e-03       2.003350334116e+04 
       6.692745141684e-03       2.025840119035e+04 
       6.817121205332e-03       2.047901324477e+04 
       6.941602911080e-03       2.069538282076e+04 
       7.066185447869e-03       2.090752070369e+04 
       7.190864332208e-03       2.111543710444e+04 
       7.315635382831e-03       2.131925181498e+04 
       7.440494697632e-03       2.151895814127e+04 
       7.565438632678e-03       2.171460167766e+04 
       7.690463783081e-03       2.190623917165e+04 
       7.815566965544e-03       2.209393127011e+04 
       7.940745202415e-03       2.227763028908e+04 
       8.065995707117e-03       2.245743139664e+04 
       8.191315870805e-03       2.263337417311e+04 
       8.316703250141e-03       2.280550536254e+04 
       8.442155556087e-03       2.297384532628e+04 
       8.567670643615e-03       2.313844454728e+04 
       8.693246502252e-03       2.329933645822e+04 
       8.818881247384e-03       2.345656982738e+04 
       8.944573112253e-03       2.361015667457e+04 
       9.070320440585e-03       2.376019567349e+04 
       9.196121679789e-03       2.390669388021e+04 
       9.321975374688e-03       2.404966733835e+04 
       9.447880161720e-03       2.418917345496e+04 
       9.573834763589e-03       2.432524826341e+04 
       9.699837984311e-03       2.445793309234e+04 
       9.825888704635e-03       2.458726753204e+04 
       9.951985877795e-03       2.471328194089e+04 
       1.007812852558e-02       2.483603789755e+04 
       1.020431573470e-02       2.495553850177e+04 
       1.033054665338e-02       2.507182004060e+04 
       1.045682048825e-02       2.518495364598e+04 
       1.058313650140e-02       2.529493214259e+04 
       1.070949400770e-02       2.540184069676e+04 
       1.083589237228e-02       2.550564094682e+04 
       1.096233100817e-02       2.560647364371e+04 
       1.108880937414e-02       2.570425030058e+04 
       1.121532697269e-02       2.579912560279e+04 
       1.134188334816e-02       2.589105855647e+04 
       1.146847808494e-02       2.598009265132e+04 
       1.159511080590e-02       2.606624373621e+04 
       1.172178117086e-02       2.614960844335e+04 
       1.184848887515e-02       2.623015950395e+04 
       1.197523364831e-02       2.630795198244e+04 
       1.210201525290e-02       2.638305873642e+04 
       1.222883348331e-02       2.645543178702e+04 
       1.235568816477e-02       2.652515043672e+04 
       1.248257915230e-02       2.659222094806e+04 
       1.260950632988e-02       2.665672724273e+04 
       1.273646960952e-02       2.671862948896e+04 
       1.286346893056e-02       2.677804015054e+04 
       1.299050425888e-02       2.683492333474e+04 
       1.311757558627e-02       2.688929339410e+04 
       1.324468292981e-02       2.694124246157e+04 
       1.337182633130e-02       2.699078150041e+04 
       1.349900585671e-02       2.703793506098e+04 
       1.362622159573e-02       2.708271672974e+04 
       1.375347366135e-02       2.712515481745e+04 
       1.388076218939e-02       2.716528718619e+04 
       1.400808733823e-02       2.720314605705e+04 
       1.413544928841e-02       2.723877057808e+04 
       1.426284824235e-02       2.727219722213e+04 
       1.439028442415e-02       2.730341407650e+04 
       1.451775807925e-02       2.733247269621e+04 
       1.464526947433e-02       2.735936751140e+04 
       1.477281889707e-02       2.738418773168e+04 
       1.490040665604e-02       2.740693781272e+04 
       1.502803308055e-02       2.742764572639e+04 
       1.515569852056e-02       2.744630472758e+04 
       1.528340334664e-02       2.746298091606e+04 
       1.541114794986e-02       2.747765782182e+04 
       1.553893274180e-02       2.749039844287e+04 
       1.566675815453e-02       2.750117427923e+04 
       1.579462464063e-02       2.751010446598e+04 
       1.592253267323e-02       2.751713726029e+04 
       1.605048274604e-02       2.752232608156e+04 
       1.617847537344e-02       2.752569281529e+04 
       1.630651109056e-02       2.752722163558e+04 
       1.643459045342e-02       2.752701422920e+04 
       1.656271403901e-02       2.752508169874e+04 
       1.669088244548e-02       2.752140725377e+04 
       1.681909629227e-02       2.751598739046e+04 
       1.694735622030e-02       2.750893127436e+04 
       1.707566289220e-02       2.750022443443e+04 
       1.720401699246e-02       2.748987261239e+04 
       1.733241922772e-02       2.747793547959e+04 
       1.746087032699e-02       2.746439269174e+04 
       1.758937104191e-02       2.744929256027e+04 
       1.771792214705e-02       2.743263555448e+04 
       1.784652444019e-02       2.741448234681e+04 
       1.797517874264e-02       2.739485867095e+04 
       1.810388589958e-02       2.737369452536e+04 
       1.823264678040e-02       2.735114505459e+04 
       1.836146227904e-02       2.732715068611e+04 
       1.849033331442e-02       2.730175136902e+04 
       1.861926083079e-02       2.727496507749e+04 
       1.874824579818e-02       2.724684788274e+04 
       1.887728921280e-02       2.721735554556e+04 
       1.900639209753e-02       2.718652830240e+04 
       1.913555550234e-02       2.715442761665e+04 
       1.926478050481e-02       2.712105188039e+04 
       1.939406821063e-02       2.708641088065e+04 
       1.952341975410e-02       2.705052061590e+04 
       1.965283629869e-02       2.701343520451e+04 
       1.978231903761e-02       2.697515259376e+04 
       1.991186919436e-02       2.693565777949e+04 
       2.004148802335e-02       2.689506237893e+04 
       2.017117681051e-02       2.685330949305e+04 
       2.030093687395e-02       2.681041963910e+04 
       2.043076956461e-02       2.676641629776e+04 
       2.056067626693e-02       2.672137425986e+04 
       2.069065839958e-02       2.667530420136e+04 
       2.082071741618e-02       2.662811827087e+04 
       2.095085480606e-02       2.657993266385e+04 
       2.108107209502e-02       2.653073066775e+04 
       2.121137084616e-02       2.648061237545e+04 
       2.134175266069e-02       2.642944366853e+04 
       2.147221917876e-02       2.637736948561e+04 
       2.160277208041e-02       2.632437303479e+04 
       2.173341308639e-02       2.627041845452e+04 
       2.186414395919e-02       2.621565872850e+04 
       2.199496650392e-02       2.615990355879e+04 
       2.212588256937e-02       2.610335110607e+04 
       2.225689404901e-02       2.604592428771e+04 
       2.238800288205e-02       2.598768897159e+04 
       2.251921105455e-02       2.592870435148e+04 
       2.265052060052e-02       2.586886804899e+04 
       2.278193360311e-02       2.580824753542e+04 
       2.291345219581e-02       2.574682223451e+04 
       2.304507856366e-02       2.568480195211e+04 
       2.317681494456e-02       2.562183770893e+04 
       2.330866363057e-02       2.555834941744e+04 
       2.344062696925e-02       2.549410644331e+04 
       2.357270736511e-02       2.542920355305e+04 
       2.370490728102e-02       2.536360782584e+04 
       2.383722923972e-02       2.529739238699e+04 
       2.396967582535e-02       2.523051345245e+04 
       2.410224968504e-02       2.516300705105e+04 
       2.423495353058e-02       2.509492071922e+04 
       2.436779014007e-02       2.502621697295e+04 
       2.450076235971e-02       2.495696879488e+04 
       2.463387310562e-02       2.488708707491e+04 
       2.476712536565e-02       2.481676138833e+04 
       2.490052220137e-02       2.474583704737e+04 
       2.503406675003e-02       2.467443741772e+04 
       2.516776222666e-02       2.460243921908e+04 
       2.530161192614e-02       2.453007120537e+04 
       2.543561922548e-02       2.445712791962e+04 
       2.556978758604e-02       2.438378425085e+04 
       2.570412055592e-02       2.430995726064e+04 
       2.583862177237e-02       2.423569871552e+04 
       2.597329496436e-02       2.416101072560e+04 
       2.610814395514e-02       2.408598438168e+04 
       2.624317266498e-02       2.401049395054e+04 
       2.637838511393e-02       2.393456055105e+04 
       2.651378542479e-02       2.385824289187e+04 
       2.664937782602e-02       2.378160781838e+04 
       2.678516665493e-02       2.370463496804e+04 
       2.692115636084e-02       2.362727072151e+04 
       2.705735150847e-02       2.354959682549e+04 
       2.719375678140e-02       2.347168096806e+04 
       2.733037698561e-02       2.339337600309e+04 
       2.746721705327e-02       2.331478495186e+04 
       2.760428204657e-02       2.323586025335e+04 
       2.774157716176e-02       2.315675740747e+04 
       2.787910773329e-02       2.307730523114e+04 
       2.801687923813e-02       2.299761043683e+04 
       2.815489730033e-02       2.291769123869e+04 
       2.829316769558e-02       2.283755479009e+04 
       2.843169635616e-02       2.275715540081e+04 
       2.857048937595e-02       2.267655960691e+04 
       2.870955301565e-02       2.259577325850e+04 
       2.884889370829e-02       2.251476269613e+04 
       2.898851806488e-02       2.243353621985e+04 
       2.912843288029e-02       2.235220458690e+04 
       2.926864513949e-02       2.227068905142e+04 
       2.940916202388e-02       2.218895332263e+04 
       2.954999091800e-02       2.210710833673e+04 
       2.969113941653e-02       2.202510476471e+04 
       2.983261533147e-02       2.194295586382e+04 
       2.997442669979e-02       2.186064352560e+04 
       3.011658179129e-02       2.177826809368e+04 
       3.025908911686e-02       2.169576904341e+04 
       3.040195743707e-02       2.161315998301e+04 
       3.054519577121e-02       2.153045479317e+04 
       3.068881340662e-02       2.144764188471e+04 
       3.083281990861e-02       2.136476015699e+04 
       3.097722513062e-02       2.128175573096e+04 
       3.112203922506e-02       2.119873236323e+04 
       3.126727265454e-02       2.111557611715e+04 
       3.141293620362e-02       2.103249880575e+04 
       3.155904099117e-02       2.094923985496e+04 
       3.170559848329e-02       2.086597183871e+04 
       3.185262050691e-02       2.078268694019e+04 
       3.200011926393e-02       2.069926486260e+04 
       3.214810734622e-02       2.061593897575e+04 
       3.229659775125e-02       2.053256949018e+04 
       3.244560389854e-02       2.044913096216e+04 
       3.259513964695e-02       2.036561042983e+04 
       3.274521931289e-02       2.028226107677e+04 
       3.289585768942e-02       2.019880074313e+04 
       3.304707006637e-02       2.011534789957e+04 
       3.319887225155e-02       2.003186697645e+04 
       3.335128059307e-02       1.994845331898e+04 
       3.350431200287e-02       1.986502726178e+04 
       3.365798398159e-02       1.978161761130e+04 
       3.381231464468e-02       1.969814066006e+04 
       3.396732275016e-02       1.961479049218e+04 
       3.412302772778e-02       1.953142906998e+04 
       3.427944970994e-02       1.944806574940e+04 
       3.443660956438e-02       1.936473812375e+04 
       3.459452892876e-02       1.928153743822e+04 
       3.475323024733e-02       1.919829087235e+04 
       3.491273680974e-02       1.911502945066e+04 
       3.507307279223e-02       1.903190979634e+04 
       3.523426330134e-02       1.894883694391e+04 
       3.539633442037e-02       1.886566869198e+04 
       3.555931325865e-02       1.878264941457e+04 
       3.572322800408e-02       1.869966274834e+04 
       3.588810797892e-02       1.861672750510e+04 
       3.605398369933e-02       1.853378880898e+04 
       3.622088693876e-02       1.845095135913e+04 
       3.638885079558e-02       1.836811919503e+04 
       3.655790976537e-02       1.828535817701e+04 
       3.672809981807e-02       1.820262178145e+04 
       3.689945848056e-02       1.811993740760e+04 
       3.707202492502e-02       1.803736426697e+04 
       3.724584006365e-02       1.795475653133e+04 
       3.742094665020e-02       1.787221297654e+04 
       3.759738938900e-02       1.778977524638e+04 
       3.777521505211e-02       1.770728530824e+04 
       3.795447260528e-02       1.762482716791e+04 
       3.813521334365e-02       1.754241248133e+04 
       3.831749103794e-02       1.746010408129e+04 
       3.850136209222e-02       1.737776568745e+04 
       3.868688571438e-02       1.729542043784e+04 
       3.887412410040e-02       1.721316683969e+04 
       3.906314263393e-02       1.713087179240e+04 
       3.925401010263e-02       1.704864156651e+04 
       3.944679893300e-02       1.696645582178e+04 
       3.964158544560e-02       1.688412091288e+04 
       3.983845013275e-02       1.680189552667e+04 
       4.003747796124e-02       1.671964086723e+04 
       4.023875870262e-02       1.663738432448e+04 
       4.044238729419e-02       1.655508112897e+04 
       4.064846423413e-02       1.647273176550e+04 
       4.085709601463e-02       1.639041037165e+04 
       4.106839559753e-02       1.630798269701e+04 
       4.128248293735e-02       1.622559761173e+04 
       4.149948555763e-02       1.614303894034e+04 
       4.171953918697e-02       1.606040989925e+04 
       4.194278846224e-02       1.597777165949e+04 
       4.216938770773e-02       1.589500510177e+04 
       4.239950179991e-02       1.581212609226e+04 
       4.263330712928e-02       1.572912211522e+04 
       4.287099267246e-02       1.564593728334e+04 
       4.311276118978e-02       1.556261116851e+04 
       4.335883056614e-02       1.547915531142e+04 
       4.360943531570e-02       1.539548798291e+04 
       4.386482827477e-02       1.531153114172e+04 
       4.412528251112e-02       1.522742356648e+04 
       4.439109348321e-02       1.514307088452e+04 
       4.466258148873e-02       1.505843599012e+04 
       4.494009444917e-02       1.497353833032e+04 
       4.522401108609e-02       1.488820026412e+04 
       4.551474455534e-02       1.480259020020e+04 
       4.581274661875e-02       1.471656352070e+04 
       4.611851244894e-02       1.463006664346e+04 
       4.643258618266e-02       1.454311913187e+04 
       4.675556736276e-02       1.445564996941e+04 
       4.708811843923e-02       1.436762250975e+04 
       4.743097353791e-02       1.427897725297e+04 
       4.778494875300e-02       1.418966867197e+04 
       4.815095427942e-02       1.409959663890e+04 
       4.853000877640e-02       1.400873306899e+04 
       4.892325644973e-02       1.391695582893e+04 
       4.933198746111e-02       1.382418987109e+04 
       4.975766242801e-02       1.373034591494e+04 
       5.020194197461e-02       1.363527335920e+04 
       5.066672254553e-02       1.353885067223e+04 
       5.115418001340e-02       1.344087309172e+04 
       5.166682301502e-02       1.334124050283e+04 
       5.220755845444e-02       1.323963588474e+04 
       5.277977222756e-02       1.313582249773e+04 
       5.338742894882e-02       1.302951024290e+04 
       5.403519525746e-02       1.292022504550e+04 
       5.472859202900e-02       1.280752995270e+04 
       5.547418122847e-02       1.269068267776e+04 
       5.627979258889e-02       1.256900988139e+04 
       5.715479250821e-02       1.244136670813e+04 
       5.811039006620e-02       1.230642300533e+04 
       5.915995838432e-02       1.216222031501e+04 
       6.031931618205e-02       1.200645345969e+04 
       6.160685362412e-02       1.183574624639e+04 
       6.304328845218e-02       1.164565726690e+04 
       6.465070989266e-02       1.143056625437e+04 
       6.645047334325e-02       1.118334155569e+04 
       6.845963054087e-02       1.089595133851e+04 
       7.068620618331e-02       1.056064625011e+04 
       7.312484125102e-02       1.017223855719e+04 
       7.575533361247e-02       9.730758333164e+03 
       7.854584134895e-02       9.243578918398e+03 
       8.145967058079e-02       8.725288368106e+03 
       8.446221273157e-02       8.195453733557e+03 
       8.752518208893e-02       7.675077720249e+03 
       9.062770280037e-02       7.183262735005e+03 
       9.375541227857e-02       6.734942464158e+03 
       9.689887870040e-02       6.339838256523e+03 
       1.000520911945e-01       6.002050421215e+03 
       1.032112906923e-01       5.720844129398e+03 
       1.063741536798e-01       5.491417281257e+03 
       1.095392541831e-01       5.305899786920e+03 
       1.127057207900e-01       5.154456539470e+03 
       1.158730222869e-01       5.026245702435e+03 
       1.190408352572e-01       4.910460890219e+03 
       1.222089628833e-01       4.797190808704e+03 
       1.253772853622e-01       4.678335150404e+03 
       1.285457297055e-01       4.548196812813e+03 
       1.317142513722e-01       4.403866012249e+03 
       1.348828231091e-01       4.245223667687e+03 
       1.380514281728e-01       4.074580718178e+03 
       1.412200562147e-01       3.896137065441e+03 
       1.443887007810e-01       3.715133478389e+03 
       1.475573577959e-01       3.537245009736e+03 
       1.507260246387e-01       3.367600137735e+03 
       1.538946995831e-01       3.210560730647e+03 
       1.570633814565e-01       3.069176903930e+03 
       1.602320694310e-01       2.945126967453e+03 
       1.634007628974e-01       2.838716875885e+03 
       1.665694613865e-01       2.748897874587e+03 
       1.697381645213e-01       2.673704725243e+03 
       1.729068719875e-01       2.610362221453e+03 
       1.760755835149e-01       2.555666313643e+03 
       1.792442988652e-01       2.506283636643e+03 
       1.824130178247e-01       2.459541687968e+03 
       1.855817401993e-01       2.412204439676e+03 
       1.887504658108e-01       2.361798735369e+03 
       1.919191944947e-01       2.306991894066e+03 
       1.950879260984e-01       2.247165499138e+03 
       1.982566604797e-01       2.182621081528e+03 
       2.014253975059e-01       2.114413319588e+03 
       2.045941370527e-01       2.044108239176e+03 
       2.077628790037e-01       1.973461615908e+03 
       2.109316232495e-01       1.904231604925e+03 
       2.141003696876e-01       1.837947314070e+03 
       2.172691182211e-01       1.775824893171e+03 
       2.204378687591e-01       1.718724573547e+03 
       2.236066212157e-01       1.667102242223e+03 
       2.267753755099e-01       1.621104347266e+03 
       2.299441315652e-01       1.580494842952e+03 
       2.331128893094e-01       1.544739049052e+03 
       2.362816486740e-01       1.513002531716e+03 
       2.394504095942e-01       1.484294995952e+03 
       2.426191720088e-01       1.457511196667e+03 
       2.457879358595e-01       1.431649365098e+03 
       2.489567010912e-01       1.405786677183e+03 
       2.521254676515e-01       1.379272734177e+03 
       2.552942354905e-01       1.351679747949e+03 
       2.584630045611e-01       1.322817822346e+03 
       2.616317748181e-01       1.292710253034e+03 
       2.648005462187e-01       1.261602993731e+03 
       2.679693187221e-01       1.229859026412e+03 
       2.711380922894e-01       1.197930943616e+03 
       2.743068668836e-01       1.166377648631e+03 
       2.774756424692e-01       1.135754143603e+03 
       2.806444190125e-01       1.106536171764e+03 
       2.838131964812e-01       1.079069591173e+03 
       2.869819748446e-01       1.053552624179e+03 
       2.901507540730e-01       1.030038563961e+03 
       2.933195341385e-01       1.008442949285e+03 
       2.964883150138e-01       9.885570773282e+02 
       2.996570966734e-01       9.701399028621e+02 
       3.028258790923e-01       9.528746167811e+02 
       3.059946622469e-01       9.364654705451e+02 
       3.091634461144e-01       9.206058132630e+02 
       3.123322306731e-01       9.050127203006e+02 
       3.155010159020e-01       8.894383301926e+02 
       3.186698017810e-01       8.737058363959e+02 
       3.218385882908e-01       8.577155712222e+02 
       3.250073754130e-01       8.414567320321e+02 
       3.281761631295e-01       8.249936894019e+02 
       3.313449514234e-01       8.084550101151e+02 
       3.345137402781e-01       7.919665666894e+02 
       3.376825296778e-01       7.756944700465e+02 
       3.408513196072e-01       7.597876160287e+02 
       3.440201100516e-01       7.443634381375e+02 
       3.471889009968e-01       7.295385446100e+02 
       3.503576924293e-01       7.153821945306e+02 
       3.535264843357e-01       7.019436313971e+02 
       3.566952767035e-01       6.892275962091e+02 
       3.598640695204e-01       6.772020820691e+02 
       3.630328627745e-01       6.657940948010e+02 
       3.662016564546e-01       6.549022621130e+02 
       3.693704505495e-01       6.444126502795e+02 
       3.725392450487e-01       6.342129446766e+02 
       3.757080399418e-01       6.242155277598e+02 
       3.788768352190e-01       6.143501583507e+02 
       3.820456308707e-01       6.045664437033e+02 
       3.852144268875e-01       5.948371389922e+02 
       3.883832232605e-01       5.851437018845e+02 
       3.915520199810e-01       5.754853708016e+02 
       3.947208170407e-01       5.658768246692e+02 
       3.978896144313e-01       5.563491181287e+02 
       4.010584121451e-01       5.469412366916e+02 
       4.042272101743e-01       5.376996075866e+02 
       4.073960085116e-01       5.286726882337e+02 
       4.105648071498e-01       5.198945795657e+02 
       4.137336060820e-01       5.113873521961e+02 
       4.169024053014e-01       5.031566831436e+02 
       4.200712048016e-01       4.952003478767e+02 
       4.232400045762e-01       4.875085816483e+02 
       4.264088046191e-01       4.800703708278e+02 
       4.295776049242e-01       4.728712014854e+02 
       4.327464054859e-01       4.658927948014e+02 
       4.359152062984e-01       4.591106141598e+02 
       4.390840073565e-01       4.524936024323e+02 
       4.422528086546e-01       4.460095116219e+02 
       4.454216101878e-01       4.396309611374e+02 
       4.485904119511e-01       4.333345717181e+02 
       4.517592139394e-01       4.271126263539e+02 
       4.549280161482e-01       4.209507450205e+02 
       4.580968185729e-01       4.148640140383e+02 
       4.612656212089e-01       4.088547285673e+02 
       4.644344240520e-01       4.029256526830e+02 
       4.676032270979e-01       3.970866950318e+02 
       4.707720303425e-01       3.913438695077e+02 
       4.739408337818e-01       3.857024191773e+02 
       4.771096374120e-01       3.801809659031e+02 
       4.802784412291e-01       3.747894044462e+02 
       4.834472452297e-01       3.695377904619e+02 
       4.866160494099e-01       3.644284584618e+02 
       4.897848537664e-01       3.594568480378e+02 
       4.929536582957e-01       3.546121760270e+02 
       4.961224629946e-01       3.498827481762e+02 
       4.992912678597e-01       3.452569196571e+02 
       5.024600728880e-01       3.407232734074e+02 
       5.056288780762e-01       3.362754221506e+02 
       5.087976834216e-01       3.319086104602e+02 
       5.119664889210e-01       3.276132186962e+02 
       5.151352945717e-01       3.233827744572e+02 
       5.183041003709e-01       3.192086588362e+02 
       5.214729063159e-01       3.150890562370e+02 
       5.246417124040e-01       3.110220335606e+02 
       5.278105186326e-01       3.070123299892e+02 
       5.309793249993e-01       3.030635869438e+02 
       5.341481315014e-01       2.991793520573e+02 
       5.373169381368e-01       2.953693209583e+02 
       5.404857449029e-01       2.916325769981e+02 
       5.436545517975e-01       2.879643057582e+02 
       5.468233588184e-01       2.843651154443e+02 
       5.499921659633e-01       2.808348133929e+02 
       5.531609732302e-01       2.773715255159e+02 
       5.563297806169e-01       2.739765205864e+02 
       5.594985881214e-01       2.706491784035e+02 
       5.626673957417e-01       2.673872870549e+02 
       5.658362034759e-01       2.641872203829e+02 
       5.690050113220e-01       2.610426149438e+02 
       5.721738192782e-01       2.579478027463e+02 
       5.753426273427e-01       2.549020338634e+02 
       5.785114355136e-01       2.519012786277e+02 
       5.816802437893e-01       2.489467857636e+02 
       5.848490521680e-01       2.460372583188e+02 
       5.880178606480e-01       2.431778193032e+02 
       5.911866692278e-01       2.403586200622e+02 
       5.943554779056e-01       2.375781768440e+02 
       5.975242866801e-01       2.348381142301e+02 
       6.006930955495e-01       2.321376224254e+02 
       6.038619045125e-01       2.294784105641e+02 
       6.070307135675e-01       2.268620214721e+02 
       6.101995227131e-01       2.242893864880e+02 
       6.133683319480e-01       2.217631820951e+02 
       6.165371412706e-01       2.192800369426e+02 
       6.197059506798e-01       2.168373789103e+02 
       6.228747601741e-01       2.144338267474e+02 
       6.260435697523e-01       2.120672407508e+02 
       6.292123794130e-01       2.097391693963e+02 
       6.323811891551e-01       2.074483975657e+02 
       6.355499989773e-01       2.051953565887e+02 
       6.387188088785e-01       2.029772396671e+02 
       6.418876188574e-01       2.007934141426e+02 
       6.450564289129e-01       1.986412432286e+02 
       6.482252390438e-01       1.965175116009e+02 
       6.513940492492e-01       1.944227853309e+02 
       6.545628595279e-01       1.923573039546e+02 
       6.577316698788e-01       1.903216442035e+02 
       6.609004803008e-01       1.883172565878e+02 
       6.640692907931e-01       1.863427105837e+02 
       6.672381013545e-01       1.843970353486e+02 
       6.704069119841e-01       1.824785900384e+02 
       6.735757226809e-01       1.805864611201e+02 
       6.767445334440e-01       1.787207257942e+02 
       6.799133442725e-01       1.768816453031e+02 
       6.830821551653e-01       1.750702322349e+02 
       6.862509661217e-01       1.732855708846e+02 
       6.894197771408e-01       1.715299177084e+02 
       6.925885882217e-01       1.697996785191e+02 
       6.957573993635e-01       1.680948064016e+02 
       6.989262105654e-01       1.664114338223e+02 
       7.020950218267e-01       1.647508957859e+02 
       7.052638331464e-01       1.631136722323e+02 
       7.084326445239e-01       1.614995265135e+02 
       7.116014559583e-01       1.599087651053e+02 
       7.147702674489e-01       1.583405541121e+02 
       7.179390789949e-01       1.567943000444e+02 
       7.211078905957e-01       1.552671097905e+02 
       7.242767022504e-01       1.537589970604e+02 
       7.274455139584e-01       1.522706209791e+02 
       7.306143257190e-01       1.508027058055e+02 
       7.337831375315e-01       1.493533486745e+02 
       7.369519493952e-01       1.479245862694e+02 
       7.401207613095e-01       1.465163051244e+02 
       7.432895732737e-01       1.451274694036e+02 
       8.120889432108e-01       1.189927789567e+02 
       9.115866564950e-01       9.156568991697e+01 
       1.069677300813e+00       6.341236832934e+01 
