# Matter power spectrum P(k) at redshift z=0
# for k=1.02056e-05 to 1.05891 h/Mpc,
# number of wavenumbers equal to 603
#    1:k (h/Mpc)              2:P (Mpc/h)^3        
       1.020564672050e-05       5.329553863373e+01 
       2.281230812004e-05       1.162477923318e+02 
       3.546138341142e-05       1.782854706395e+02 
       4.818546865769e-05       2.399840514651e+02 
       6.101767606517e-05       3.016784493245e+02 
       7.399191684079e-05       3.636241092791e+02 
       8.714319272310e-05       4.260422217485e+02 
       1.005078999135e-04       4.891387144752e+02 
       1.141241491639e-04       5.531134134640e+02 
       1.280321058080e-04       6.181662108132e+02 
       1.422743535364e-04       6.845012206418e+02 
       1.568962856797e-04       7.523301136045e+02 
       1.719465276348e-04       8.218748030910e+02 
       1.874773938000e-04       8.933705775736e+02 
       2.035453818917e-04       9.670682334058e+02 
       2.202117067024e-04       1.043237170442e+03 
       2.375428741014e-04       1.122167825331e+03 
       2.556112942014e-04       1.204174963557e+03 
       2.744959299158e-04       1.289600101637e+03 
       2.942829733491e-04       1.378815012720e+03 
       3.150665373104e-04       1.472224486918e+03 
       3.369493423794e-04       1.570269410912e+03 
       3.600433710779e-04       1.673429441902e+03 
       3.844704495273e-04       1.782225217587e+03 
       4.103627034369e-04       1.897219856087e+03 
       4.378628195597e-04       2.019019212656e+03 
       4.671240266707e-04       2.148270556289e+03 
       4.983096932155e-04       2.285658990839e+03 
       5.315924247547e-04       2.431900992046e+03 
       5.671525372312e-04       2.587734333969e+03 
       6.051757873299e-04       2.753904366850e+03 
       6.458502651699e-04       2.931145214639e+03 
       6.893624034887e-04       3.120157199002e+03 
       7.358921354181e-04       3.321579640706e+03 
       7.856073390625e-04       3.535962186102e+03 
       8.386578326908e-04       3.763733945976e+03 
       8.951693111362e-04       4.005175237171e+03 
       9.552377150481e-04       4.260393617696e+03 
       1.018924569633e-03       4.529306995490e+03 
       1.086253793721e-03       4.811636511967e+03 
       1.157210354676e-03       5.106909810532e+03 
       1.231740944163e-03       5.414475601095e+03 
       1.309756610725e-03       5.733525561008e+03 
       1.391137056896e-03       6.063082069711e+03 
       1.475736137678e-03       6.402158031311e+03 
       1.563388013038e-03       6.749671389136e+03 
       1.653913414485e-03       7.104508375924e+03 
       1.747125567629e-03       7.465563407142e+03 
       1.842835438499e-03       7.831753074118e+03 
       1.940856109525e-03       8.202039332994e+03 
       2.041006215956e-03       8.575442557746e+03 
       2.143112470396e-03       8.951048519312e+03 
       2.247011367477e-03       9.328015413657e+03 
       2.352550194877e-03       9.705574170541e+03 
       2.459587487592e-03       1.008302756081e+04 
       2.567993056894e-03       1.045975013614e+04 
       2.677647710582e-03       1.083518123203e+04 
       2.788442762143e-03       1.120882428188e+04 
       2.900279406800e-03       1.158023569868e+04 
       3.013068024267e-03       1.194903176839e+04 
       3.126727452368e-03       1.231487143477e+04 
       3.241184262849e-03       1.267745427679e+04 
       3.356372060585e-03       1.303652652032e+04 
       3.472230819678e-03       1.339186035271e+04 
       3.588706264252e-03       1.374326381388e+04 
       3.705749297649e-03       1.409056631717e+04 
       3.823315480874e-03       1.443363027470e+04 
       3.941364559256e-03       1.477233421073e+04 
       4.059860035055e-03       1.510657175635e+04 
       4.178768783056e-03       1.543626348722e+04 
       4.298060705812e-03       1.576133499454e+04 
       4.417708425110e-03       1.608173077369e+04 
       4.537687006235e-03       1.639741049475e+04 
       4.657973711801e-03       1.670833527010e+04 
       4.778547782086e-03       1.701448614153e+04 
       4.899390239043e-03       1.731584374295e+04 
       5.020483711451e-03       1.761239966481e+04 
       5.141812278837e-03       1.790416037644e+04 
       5.263361332124e-03       1.819111745240e+04 
       5.385117449093e-03       1.847329068205e+04 
       5.507068283034e-03       1.875069138280e+04 
       5.629202463073e-03       1.902333490145e+04 
       5.751509504881e-03       1.929125185224e+04 
       5.873979730599e-03       1.955445448234e+04 
       5.996604196948e-03       1.981297879482e+04 
       6.119374630619e-03       2.006685827323e+04 
       6.242283370136e-03       2.031610070838e+04 
       6.365323313490e-03       2.056075818128e+04 
       6.488487870905e-03       2.080088424332e+04 
       6.611770922194e-03       2.103645169972e+04 
       6.735166778203e-03       2.126749194362e+04 
       6.858670145925e-03       2.149421095128e+04 
       6.982276096874e-03       2.171645963445e+04 
       7.105980038408e-03       2.193434080023e+04 
       7.229777687676e-03       2.214789459162e+04 
       7.353665047932e-03       2.235715299369e+04 
       7.477638386966e-03       2.256218129151e+04 
       7.601694217464e-03       2.276294324417e+04 
       7.725829279072e-03       2.295964094474e+04 
       7.850040522030e-03       2.315220353816e+04 
       7.974325092198e-03       2.334067019012e+04 
       8.098680317364e-03       2.352508445792e+04 
       8.223103694691e-03       2.370565516739e+04 
       8.347592879211e-03       2.388203176669e+04 
       8.472145673260e-03       2.405469066830e+04 
       8.596760016779e-03       2.422344112331e+04 
       8.721433978386e-03       2.438837288575e+04 
       8.846165747164e-03       2.454941573364e+04 
       8.970953625098e-03       2.470675791738e+04 
       9.095796020094e-03       2.486042670929e+04 
       9.220691439551e-03       2.501037642483e+04 
       9.345638484411e-03       2.515675966860e+04 
       9.470635843674e-03       2.529951145633e+04 
       9.595682289313e-03       2.543875441594e+04 
       9.720776671580e-03       2.557445062852e+04 
       9.845917914651e-03       2.570668538131e+04 
       9.971105012597e-03       2.583550701821e+04 
       1.009633702564e-02       2.596092386127e+04 
       1.022161307670e-02       2.608301755113e+04 
       1.034693234815e-02       2.620181994413e+04 
       1.047229407886e-02       2.631724730817e+04 
       1.059769756139e-02       2.642957450252e+04 
       1.072314213944e-02       2.653863201518e+04 
       1.084862720542e-02       2.664452262869e+04 
       1.097415219825e-02       2.674726975202e+04 
       1.109971660127e-02       2.684693363447e+04 
       1.122531994030e-02       2.694356926549e+04 
       1.135096178186e-02       2.703714332397e+04 
       1.147664173149e-02       2.712777508006e+04 
       1.160235943222e-02       2.721531834110e+04 
       1.172811456306e-02       2.730009232472e+04 
       1.185390683773e-02       2.738197679830e+04 
       1.197973600335e-02       2.746094242258e+04 
       1.210560183929e-02       2.753712223465e+04 
       1.223150415609e-02       2.761054883212e+04 
       1.235744279448e-02       2.768115418003e+04 
       1.248341762439e-02       2.774905820991e+04 
       1.260942854411e-02       2.781431701820e+04 
       1.273547547950e-02       2.787689430453e+04 
       1.286155838322e-02       2.793685305310e+04 
       1.298767723405e-02       2.799422659154e+04 
       1.311383203627e-02       2.804906915145e+04 
       1.324002281903e-02       2.810132884827e+04 
       1.336624963585e-02       2.815111200829e+04 
       1.349251256412e-02       2.819840365445e+04 
       1.361881170463e-02       2.824327311801e+04 
       1.374514718114e-02       2.828573661156e+04 
       1.387151914005e-02       2.832581116713e+04 
       1.399792775002e-02       2.836348846970e+04 
       1.412437320168e-02       2.839891533369e+04 
       1.425085570736e-02       2.843211045228e+04 
       1.437737550081e-02       2.846298592475e+04 
       1.450393283703e-02       2.849162789040e+04 
       1.463052799207e-02       2.851804839842e+04 
       1.475716126286e-02       2.854226146841e+04 
       1.488383296707e-02       2.856439532150e+04 
       1.501054344304e-02       2.858436987131e+04 
       1.513729304964e-02       2.860218760231e+04 
       1.526408216626e-02       2.861812649336e+04 
       1.539091119276e-02       2.863192182081e+04 
       1.551778054940e-02       2.864371439932e+04 
       1.564469067693e-02       2.865349370774e+04 
       1.577164203655e-02       2.866133697581e+04 
       1.589863510997e-02       2.866715163895e+04 
       1.602567039950e-02       2.867118666938e+04 
       1.615274842810e-02       2.867333774153e+04 
       1.627986973948e-02       2.867356916816e+04 
       1.640703489824e-02       2.867198045502e+04 
       1.653424449000e-02       2.866864057013e+04 
       1.666149912155e-02       2.866347159133e+04 
       1.678879942102e-02       2.865657365678e+04 
       1.691614603809e-02       2.864786876227e+04 
       1.704353964416e-02       2.863744760595e+04 
       1.717098093259e-02       2.862548745483e+04 
       1.729847061895e-02       2.861174266270e+04 
       1.742600944126e-02       2.859646449934e+04 
       1.755359816029e-02       2.857953864813e+04 
       1.768123755979e-02       2.856099876023e+04 
       1.780892844685e-02       2.854091840071e+04 
       1.793667165222e-02       2.851924989096e+04 
       1.806446803062e-02       2.849614185105e+04 
       1.819231846109e-02       2.847149140770e+04 
       1.832022384740e-02       2.844538935592e+04 
       1.844818511843e-02       2.841787516009e+04 
       1.857620322853e-02       2.838881775394e+04 
       1.870427915800e-02       2.835843769102e+04 
       1.883241391349e-02       2.832667312674e+04 
       1.896060852850e-02       2.829352290855e+04 
       1.908886406380e-02       2.825911552256e+04 
       1.921718160798e-02       2.822321231541e+04 
       1.934556227792e-02       2.818624690302e+04 
       1.947400721932e-02       2.814788400560e+04 
       1.960251760731e-02       2.810830098740e+04 
       1.973109464694e-02       2.806744229226e+04 
       1.985973957382e-02       2.802544083786e+04 
       1.998845365470e-02       2.798215540719e+04 
       2.011723818813e-02       2.793774138922e+04 
       2.024609450508e-02       2.789223146932e+04 
       2.037502396965e-02       2.784557054153e+04 
       2.050402797971e-02       2.779765905542e+04 
       2.063310796768e-02       2.774883026231e+04 
       2.076226540122e-02       2.769885387240e+04 
       2.089150178402e-02       2.764785711643e+04 
       2.102081865658e-02       2.759567862217e+04 
       2.115021759705e-02       2.754276059129e+04 
       2.127970022202e-02       2.748872835182e+04 
       2.140926818743e-02       2.743367370347e+04 
       2.153892318943e-02       2.737768945862e+04 
       2.166866696535e-02       2.732077983377e+04 
       2.179850129459e-02       2.726298672985e+04 
       2.192842799966e-02       2.720421717877e+04 
       2.205844894714e-02       2.714462819013e+04 
       2.218856604876e-02       2.708409364776e+04 
       2.231878126245e-02       2.702268175331e+04 
       2.244909659348e-02       2.696059802811e+04 
       2.257951409558e-02       2.689749345755e+04 
       2.271003587212e-02       2.683379519317e+04 
       2.284066407735e-02       2.676928366219e+04 
       2.297140091762e-02       2.670411765376e+04 
       2.310224865272e-02       2.663789815901e+04 
       2.323320959718e-02       2.657112944299e+04 
       2.336428612168e-02       2.650353689016e+04 
       2.349548065445e-02       2.643538753365e+04 
       2.362679568275e-02       2.636643123572e+04 
       2.375823375438e-02       2.629696081633e+04 
       2.388979747925e-02       2.622673308617e+04 
       2.402148953101e-02       2.615591341471e+04 
       2.415331264870e-02       2.608443153062e+04 
       2.428526963846e-02       2.601242859856e+04 
       2.441736337537e-02       2.593976541923e+04 
       2.454959680521e-02       2.586655368921e+04 
       2.468197294641e-02       2.579276521842e+04 
       2.481449489201e-02       2.571842177168e+04 
       2.494716581167e-02       2.564354526939e+04 
       2.507998895379e-02       2.556819071556e+04 
       2.521296764763e-02       2.549228527810e+04 
       2.534610530564e-02       2.541596502427e+04 
       2.547940542567e-02       2.533907264149e+04 
       2.561287159346e-02       2.526181607659e+04 
       2.574650748508e-02       2.518391227430e+04 
       2.588031686948e-02       2.510587779780e+04 
       2.601430361120e-02       2.502729781280e+04 
       2.614847167307e-02       2.494823134586e+04 
       2.628282511909e-02       2.486876830241e+04 
       2.641736811738e-02       2.478903377600e+04 
       2.655210494323e-02       2.470881038513e+04 
       2.668703998227e-02       2.462829502240e+04 
       2.682217773373e-02       2.454733857673e+04 
       2.695752281390e-02       2.446628117405e+04 
       2.709307995962e-02       2.438474235438e+04 
       2.722885403194e-02       2.430291053813e+04 
       2.736485001995e-02       2.422074298250e+04 
       2.750107304469e-02       2.413835067311e+04 
       2.763752836326e-02       2.405554128808e+04 
       2.777422137307e-02       2.397250198182e+04 
       2.791115761626e-02       2.388926001497e+04 
       2.804834278426e-02       2.380579758685e+04 
       2.818578272259e-02       2.372210113309e+04 
       2.832348343581e-02       2.363811576466e+04 
       2.846145109265e-02       2.355394487644e+04 
       2.859969203137e-02       2.346953399166e+04 
       2.873821276537e-02       2.338495059615e+04 
       2.887701998898e-02       2.330014111074e+04 
       2.901612058348e-02       2.321516803055e+04 
       2.915552162341e-02       2.313007484004e+04 
       2.929523038314e-02       2.304475703051e+04 
       2.943525434369e-02       2.295927981319e+04 
       2.957560119985e-02       2.287370431344e+04 
       2.971627886761e-02       2.278797097773e+04 
       2.985729549195e-02       2.270210623814e+04 
       2.999865945487e-02       2.261607627402e+04 
       3.014037938388e-02       2.253007022082e+04 
       3.028246416080e-02       2.244381311181e+04 
       3.042492293100e-02       2.235742938978e+04 
       3.056776511303e-02       2.227116656807e+04 
       3.071100040865e-02       2.218468279382e+04 
       3.085463881345e-02       2.209820234935e+04 
       3.099869062781e-02       2.201142304076e+04 
       3.114316646847e-02       2.192490731580e+04 
       3.128807728065e-02       2.183812770556e+04 
       3.143343435067e-02       2.175136234602e+04 
       3.157924931927e-02       2.166460063748e+04 
       3.172553419556e-02       2.157766802718e+04 
       3.187230137157e-02       2.149076241293e+04 
       3.201956363767e-02       2.140385698157e+04 
       3.216733419864e-02       2.131691898308e+04 
       3.231562669061e-02       2.122997340202e+04 
       3.246445519888e-02       2.114300663216e+04 
       3.261383427661e-02       2.105598663498e+04 
       3.276377896456e-02       2.096900230593e+04 
       3.291430481179e-02       2.088208152021e+04 
       3.306542789754e-02       2.079506991452e+04 
       3.321716485425e-02       2.070797854807e+04 
       3.336953289184e-02       2.062112455908e+04 
       3.352254982335e-02       2.053418474911e+04 
       3.367623409197e-02       2.044723230155e+04 
       3.383060479963e-02       2.036037512221e+04 
       3.398568173723e-02       2.027356543827e+04 
       3.414148541653e-02       2.018673917769e+04 
       3.429803710403e-02       2.009988643996e+04 
       3.445535885672e-02       2.001311312571e+04 
       3.461347356005e-02       1.992642972816e+04 
       3.477240496815e-02       1.983972733273e+04 
       3.493217774654e-02       1.975313907529e+04 
       3.509281751740e-02       1.966645254721e+04 
       3.525435090780e-02       1.957990983810e+04 
       3.541680560090e-02       1.949342725596e+04 
       3.558021039040e-02       1.940695602107e+04 
       3.574459523865e-02       1.932052182541e+04 
       3.590999133843e-02       1.923421765197e+04 
       3.607643117900e-02       1.914786454306e+04 
       3.624394861648e-02       1.906156092978e+04 
       3.641257894909e-02       1.897538984817e+04 
       3.658235899764e-02       1.888920595114e+04 
       3.675332719160e-02       1.880303868077e+04 
       3.692552366136e-02       1.871700339646e+04 
       3.709899033712e-02       1.863098253811e+04 
       3.727377105501e-02       1.854500657374e+04 
       3.744991167108e-02       1.845906172036e+04 
       3.762746018396e-02       1.837317107261e+04 
       3.780646686673e-02       1.828716190031e+04 
       3.798698440917e-02       1.820142165583e+04 
       3.816906807112e-02       1.811562800702e+04 
       3.835277584810e-02       1.802990265030e+04 
       3.853816865042e-02       1.794408145327e+04 
       3.872531049693e-02       1.785845691926e+04 
       3.891426872514e-02       1.777266087020e+04 
       3.910511421907e-02       1.768699187551e+04 
       3.929792165689e-02       1.760126968557e+04 
       3.949276978029e-02       1.751560840474e+04 
       3.968974168789e-02       1.742987078728e+04 
       3.988892515537e-02       1.734422072333e+04 
       4.009041298516e-02       1.725849799997e+04 
       4.029430338900e-02       1.717271165938e+04 
       4.050070040729e-02       1.708687938392e+04 
       4.070971436909e-02       1.700109835651e+04 
       4.092146239808e-02       1.691514522491e+04 
       4.113606896948e-02       1.682922884628e+04 
       4.135366652461e-02       1.674316005946e+04 
       4.157439614992e-02       1.665708472797e+04 
       4.179840832887e-02       1.657081441328e+04 
       4.202586377614e-02       1.648456705864e+04 
       4.225693436480e-02       1.639806172870e+04 
       4.249180415930e-02       1.631151881375e+04 
       4.273067056855e-02       1.622480672521e+04 
       4.297374563619e-02       1.613786850734e+04 
       4.322125748761e-02       1.605079794507e+04 
       4.347345195674e-02       1.596348960721e+04 
       4.373059441961e-02       1.587592085191e+04 
       4.399297186632e-02       1.578808935312e+04 
       4.426089524893e-02       1.570001747828e+04 
       4.453470214932e-02       1.561155700966e+04 
       4.481475981992e-02       1.552290683127e+04 
       4.510146865983e-02       1.543381385374e+04 
       4.539526620143e-02       1.534429324377e+04 
       4.569663169773e-02       1.525438355224e+04 
       4.600609141936e-02       1.516398139469e+04 
       4.632422479277e-02       1.507304678534e+04 
       4.665167154022e-02       1.498151078717e+04 
       4.698914001734e-02       1.488942454792e+04 
       4.733741698837e-02       1.479660263767e+04 
       4.769737913546e-02       1.470306077966e+04 
       4.807000666811e-02       1.460866572242e+04 
       4.845639948837e-02       1.451332294892e+04 
       4.885779647995e-02       1.441709957868e+04 
       4.927559863343e-02       1.431958739005e+04 
       4.971139690254e-02       1.422106225392e+04 
       5.016700592036e-02       1.412108509387e+04 
       5.064450500096e-02       1.401965200103e+04 
       5.114628822830e-02       1.391643023592e+04 
       5.167512590550e-02       1.381125383036e+04 
       5.223424021823e-02       1.370390536291e+04 
       5.282739865840e-02       1.359393978626e+04 
       5.345902953374e-02       1.348117937791e+04 
       5.413436466365e-02       1.336491285761e+04 
       5.485961490450e-02       1.324460768506e+04 
       5.564218395119e-02       1.311951958326e+04 
       5.649092387888e-02       1.298853014029e+04 
       5.741643006693e-02       1.285038292624e+04 
       5.843135967953e-02       1.270327395091e+04 
       5.955073021835e-02       1.254485581004e+04 
       6.079210293942e-02       1.237192060703e+04 
       6.217546918389e-02       1.218022358127e+04 
       6.372253545022e-02       1.196424546029e+04 
       6.545498800660e-02       1.171696049955e+04 
       6.739135389331e-02       1.143014462399e+04 
       6.954253316840e-02       1.109555112981e+04 
       7.190714902501e-02       1.070658093446e+04 
       7.446906146265e-02       1.026155573790e+04 
       7.719924859550e-02       9.765974719873e+03 
       8.006185645769e-02       9.233143609114e+03 
       8.302140578583e-02       8.682331581356e+03 
       8.604787868400e-02       8.135433201386e+03 
       8.911857471401e-02       7.613195900833e+03 
       9.221761599077e-02       7.132570303093e+03 
       9.533446227672e-02       6.705201364017e+03 
       9.846234985712e-02       6.336950207263e+03 
       1.015970305821e-01       6.028384060744e+03 
       1.047358716491e-01       5.775494550572e+03 
       1.078772546598e-01       5.570908715536e+03 
       1.110201896621e-01       5.404790782317e+03 
       1.141640728517e-01       5.266033280436e+03 
       1.173085365176e-01       5.143225151602e+03 
       1.204533568697e-01       5.025738939323e+03 
       1.235983976998e-01       4.904485634813e+03 
       1.267435760460e-01       4.772782539633e+03 
       1.298888413047e-01       4.626812988183e+03 
       1.330341625356e-01       4.465641826594e+03 
       1.361795207518e-01       4.291038852886e+03 
       1.393249042367e-01       4.106939520958e+03 
       1.424703057017e-01       3.918607071424e+03 
       1.456157205591e-01       3.731837577696e+03 
       1.487611458734e-01       3.552295958894e+03 
       1.519065797231e-01       3.384726626500e+03 
       1.550520208133e-01       3.232801992833e+03 
       1.581974682389e-01       3.098617436119e+03 
       1.613429213403e-01       2.982831925719e+03 
       1.644883796151e-01       2.884770254167e+03 
       1.676338426636e-01       2.802628958874e+03 
       1.707793101554e-01       2.733690054353e+03 
       1.739247818080e-01       2.674681952045e+03 
       1.770702573740e-01       2.622157075960e+03 
       1.802157366322e-01       2.573132802011e+03 
       1.833612193821e-01       2.524390043815e+03 
       1.865067054404e-01       2.473085893087e+03 
       1.896521946377e-01       2.417459385506e+03 
       1.927976868173e-01       2.356652290415e+03 
       1.959431818330e-01       2.290730667425e+03 
       1.990886795489e-01       2.220623927764e+03 
       2.022341798373e-01       2.147816670717e+03 
       2.053796825790e-01       2.074132376285e+03 
       2.085251876619e-01       2.001466566278e+03 
       2.116706949808e-01       1.931468744521e+03 
       2.148162044368e-01       1.865462762490e+03 
       2.179617159365e-01       1.804496926019e+03 
       2.211072293921e-01       1.749161472345e+03 
       2.242527447208e-01       1.699689916792e+03 
       2.273982618443e-01       1.655933126653e+03 
       2.305437806885e-01       1.617418865735e+03 
       2.336893011836e-01       1.583352709864e+03 
       2.368348232633e-01       1.552741453709e+03 
       2.399803468649e-01       1.524449486061e+03 
       2.431258719290e-01       1.497382701490e+03 
       2.462713983992e-01       1.470576767562e+03 
       2.494169262219e-01       1.443240066757e+03 
       2.525624553463e-01       1.414867465854e+03 
       2.557079857241e-01       1.385214906198e+03 
       2.588535173093e-01       1.354234452542e+03 
       2.619990500581e-01       1.322103490304e+03 
       2.651445839289e-01       1.289178566007e+03 
       2.682901188820e-01       1.255929573074e+03 
       2.714356548795e-01       1.222919740654e+03 
       2.745811918854e-01       1.190719073310e+03 
       2.777267298653e-01       1.159852441636e+03 
       2.808722687861e-01       1.130732039204e+03 
       2.840178086164e-01       1.103601163522e+03 
       2.871633493263e-01       1.078551549907e+03 
       2.903088908869e-01       1.055546450461e+03 
       2.934544332708e-01       1.034388663564e+03 
       2.965999764517e-01       1.014826113090e+03 
       2.997455204042e-01       9.965637721971e+02 
       3.028910651043e-01       9.792811858508e+02 
       3.060366105288e-01       9.626580365279e+02 
       3.091821566554e-01       9.463848178264e+02 
       3.123277034628e-01       9.302054628627e+02 
       3.154732509307e-01       9.138974991129e+02 
       3.186187990392e-01       8.973401560830e+02 
       3.217643477696e-01       8.804910853621e+02 
       3.249098971036e-01       8.634052616542e+02 
       3.280554470239e-01       8.461865475982e+02 
       3.312009975137e-01       8.289888700928e+02 
       3.343465485567e-01       8.119739123208e+02 
       3.374921001375e-01       7.952986404181e+02 
       3.406376522411e-01       7.790942286086e+02 
       3.437832048531e-01       7.634819784966e+02 
       3.469287579596e-01       7.485491516518e+02 
       3.500743115472e-01       7.343541187011e+02 
       3.532198656030e-01       7.209133231936e+02 
       3.563654201145e-01       7.082068668177e+02 
       3.595109750698e-01       6.961684474503e+02 
       3.626565304571e-01       6.846951312238e+02 
       3.658020862655e-01       6.736726118042e+02 
       3.689476424839e-01       6.629917095281e+02 
       3.720931991020e-01       6.525402335043e+02 
       3.752387561097e-01       6.422404884568e+02 
       3.783843134972e-01       6.320411773245e+02 
       3.815298712552e-01       6.219013313474e+02 
       3.846754293743e-01       6.118076306727e+02 
       3.878209878460e-01       6.017466819235e+02 
       3.909665466615e-01       5.917311117333e+02 
       3.941121058127e-01       5.817851547894e+02 
       3.972576652915e-01       5.719544993565e+02 
       4.004032250902e-01       5.622833211260e+02 
       4.035487852013e-01       5.528205334398e+02 
       4.066943456174e-01       5.436093085758e+02 
       4.098399063317e-01       5.346751647056e+02 
       4.129854673371e-01       5.260287889499e+02 
       4.161310286271e-01       5.176673692659e+02 
       4.192765901952e-01       5.095888204363e+02 
       4.224221520353e-01       5.017748344066e+02 
       4.255677141412e-01       4.942170974531e+02 
       4.287132765071e-01       4.868945831945e+02 
       4.318588391273e-01       4.797814698456e+02 
       4.350044019963e-01       4.728529443299e+02 
       4.381499651086e-01       4.660705791622e+02 
       4.412955284590e-01       4.594057304022e+02 
       4.444410920426e-01       4.528313406789e+02 
       4.475866558543e-01       4.463326105997e+02 
       4.507322198893e-01       4.399043920199e+02 
       4.538777841431e-01       4.335475492193e+02 
       4.570233486110e-01       4.272718666510e+02 
       4.601689132887e-01       4.210775950863e+02 
       4.633144781718e-01       4.149720498539e+02 
       4.664600432562e-01       4.089618356271e+02 
       4.696056085379e-01       4.030594864603e+02 
       4.727511740128e-01       3.972781730546e+02 
       4.758967396772e-01       3.916272090276e+02 
       4.790423055273e-01       3.861208846243e+02 
       4.821878715595e-01       3.807645756670e+02 
       4.853334377701e-01       3.755513585359e+02 
       4.884790041558e-01       3.704742575779e+02 
       4.916245707132e-01       3.655196612175e+02 
       4.947701374389e-01       3.606748622200e+02 
       4.979157043299e-01       3.559322033674e+02 
       5.010612713829e-01       3.512791105097e+02 
       5.042068385949e-01       3.467128118069e+02 
       5.073524059630e-01       3.422224276812e+02 
       5.104979734842e-01       3.378015338286e+02 
       5.136435411558e-01       3.334420258865e+02 
       5.167891089750e-01       3.291382647804e+02 
       5.199346769391e-01       3.248900973732e+02 
       5.230802450454e-01       3.206990592862e+02 
       5.262258132915e-01       3.165712310408e+02 
       5.293713816748e-01       3.125121588604e+02 
       5.325169501929e-01       3.085270045416e+02 
       5.356625188433e-01       3.046167087608e+02 
       5.388080876239e-01       3.007798093382e+02 
       5.419536565322e-01       2.970146513330e+02 
       5.450992255661e-01       2.933183851194e+02 
       5.482447947235e-01       2.896954514906e+02 
       5.513903640021e-01       2.861418778651e+02 
       5.545359334000e-01       2.826596792087e+02 
       5.576815029151e-01       2.792476892510e+02 
       5.608270725454e-01       2.758995438018e+02 
       5.639726422890e-01       2.726114536673e+02 
       5.671182121440e-01       2.693777662892e+02 
       5.702637821086e-01       2.661921413434e+02 
       5.734093521809e-01       2.630565552132e+02 
       5.765549223592e-01       2.599685729438e+02 
       5.797004926417e-01       2.569281449998e+02 
       5.828460630268e-01       2.539353653982e+02 
       5.859916335128e-01       2.509889712222e+02 
       5.891372040980e-01       2.480842362455e+02 
       5.922827747810e-01       2.452212687674e+02 
       5.954283455601e-01       2.423995809640e+02 
       5.985739164338e-01       2.396195687619e+02 
       6.017194874007e-01       2.368834613155e+02 
       6.048650584593e-01       2.341933261021e+02 
       6.080106296080e-01       2.315514437796e+02 
       6.111562008457e-01       2.289539841705e+02 
       6.143017721708e-01       2.264013352064e+02 
       6.174473435821e-01       2.238871802719e+02 
       6.205929150782e-01       2.214141281006e+02 
       6.237384866579e-01       2.189798130533e+02 
       6.268840583198e-01       2.165854249433e+02 
       6.300296300628e-01       2.142294243285e+02 
       6.331752018856e-01       2.119114890396e+02 
       6.363207737871e-01       2.096296905760e+02 
       6.394663457660e-01       2.073807324490e+02 
       6.426119178213e-01       2.051625438972e+02 
       6.457574899519e-01       2.029737313022e+02 
       6.489030621565e-01       2.008152409892e+02 
       6.520486344343e-01       1.986880524526e+02 
       6.551942067840e-01       1.965920209437e+02 
       6.583397792047e-01       1.945289216447e+02 
       6.614853516953e-01       1.924958719401e+02 
       6.646309242549e-01       1.904919034928e+02 
       6.677764968825e-01       1.885145773454e+02 
       6.709220695771e-01       1.865649622409e+02 
       6.740676423378e-01       1.846424155711e+02 
       6.772132151636e-01       1.827496882052e+02 
       6.803587880537e-01       1.808861292400e+02 
       6.835043610072e-01       1.790513317745e+02 
       6.866499340231e-01       1.772426879418e+02 
       6.897955071007e-01       1.754606956155e+02 
       6.929410802391e-01       1.737033785849e+02 
       6.960866534374e-01       1.719689975309e+02 
       6.992322266949e-01       1.702577688688e+02 
       7.023778000107e-01       1.685714585378e+02 
       7.055233733842e-01       1.669079981342e+02 
       7.086689468144e-01       1.652696484723e+02 
       7.118145203007e-01       1.636549077578e+02 
       7.149600938423e-01       1.620596031521e+02 
       7.181056674385e-01       1.604849026345e+02 
       7.212512410885e-01       1.589303634584e+02 
       7.243968147917e-01       1.573952591206e+02 
       7.275423885474e-01       1.558806321303e+02 
       7.306879623549e-01       1.543877943173e+02 
       7.338335362135e-01       1.529166468550e+02 
       7.369791101226e-01       1.514653600537e+02 
       8.049516691894e-01       1.242808940090e+02 
       9.031118054651e-01       9.575315047023e+01 
       1.058908606034e+00       6.643814206571e+01 
