# Matter power spectrum P(k) at redshift z=0
# for k=0.000782018 to 65.9862 h/Mpc,
# number of wavenumbers equal to 534
#    1:k (h/Mpc)              2:P (Mpc/h)^3        
       7.820180639455e-04       1.273676908438e-04 
       6.177421450697e-03       1.006026814733e-03 
       1.871952501772e-02       3.045926358995e-03 
       3.155340916159e-02       5.125174487316e-03 
       4.441131647787e-02       7.195810974605e-03 
       5.727592087941e-02       9.252020068331e-03 
       7.014343208113e-02       1.129111074582e-02 
       8.301256138058e-02       1.331130197834e-02 
       9.588275554895e-02       1.531120135133e-02 
       1.087537403134e-01       1.728968472920e-02 
       1.216253660707e-01       1.924586278773e-02 
       1.344975457650e-01       2.117902829479e-02 
       1.473702265563e-01       2.308837897619e-02 
       1.602433756307e-01       2.497364469668e-02 
       1.731169725550e-01       2.683447938303e-02 
       1.859910049062e-01       2.867060494221e-02 
       1.988654656518e-01       3.048180425073e-02 
       2.117403515122e-01       3.226792570918e-02 
       2.246156619034e-01       3.402887438658e-02 
       2.374913982333e-01       3.576459751620e-02 
       2.503675634207e-01       3.747509466660e-02 
       2.632441615607e-01       3.916039441564e-02 
       2.761211976861e-01       4.082054751959e-02 
       2.889986775949e-01       4.245566598753e-02 
       3.018766077245e-01       4.406585035306e-02 
       3.147549950572e-01       4.565125517935e-02 
       3.276338470505e-01       4.721202367096e-02 
       3.405131715833e-01       4.874832061243e-02 
       3.533929769160e-01       5.026049413986e-02 
       3.662732716590e-01       5.174850344465e-02 
       3.791540647495e-01       5.321249894577e-02 
       3.920353654336e-01       5.465280058952e-02 
       4.049171832518e-01       5.606963186735e-02 
       4.177995280298e-01       5.746317800207e-02 
       4.306824098701e-01       5.883368873610e-02 
       4.435658391470e-01       6.018136351377e-02 
       4.564498265029e-01       6.150645837036e-02 
       4.693343828461e-01       6.280917149057e-02 
       4.822195193498e-01       6.408974980189e-02 
       4.951052474520e-01       6.534841766048e-02 
       5.079915788566e-01       6.658542529399e-02 
       5.208785255343e-01       6.780100377580e-02 
       5.337660997253e-01       6.899537046552e-02 
       5.466543139417e-01       7.016877099299e-02 
       5.595431809705e-01       7.132145738289e-02 
       5.724327138771e-01       7.245362799951e-02 
       5.853229260091e-01       7.356553418422e-02 
       5.982138310009e-01       7.465742503456e-02 
       6.111054427774e-01       7.572948959092e-02 
       6.239977755593e-01       7.678196914339e-02 
       6.368908438678e-01       7.781508934915e-02 
       6.497846625301e-01       7.882903091297e-02 
       6.626792466843e-01       7.982408975752e-02 
       6.755746117857e-01       8.080041788768e-02 
       6.884707736123e-01       8.175825255962e-02 
       7.013677482706e-01       8.269781069550e-02 
       7.142655522027e-01       8.361929498647e-02 
       7.271642021916e-01       8.452290025454e-02 
       7.400637153688e-01       8.540884457490e-02 
       7.529641092206e-01       8.627737709443e-02 
       7.658654015952e-01       8.712863359694e-02 
       7.787676107099e-01       8.796285386890e-02 
       7.916707551585e-01       8.878022652112e-02 
       8.045748539187e-01       8.958092912542e-02 
       8.174799263602e-01       9.036513236739e-02 
       8.303859922519e-01       9.113307593031e-02 
       8.432930717709e-01       9.188495599114e-02 
       8.562011855100e-01       9.262093262203e-02 
       8.691103544869e-01       9.334113983201e-02 
       8.820206001522e-01       9.404581317813e-02 
       8.949319443989e-01       9.473510745558e-02 
       9.078444095709e-01       9.540916017203e-02 
       9.207580184730e-01       9.606828832810e-02 
       9.336727943796e-01       9.671252380737e-02 
       9.465887610452e-01       9.734208738763e-02 
       9.595059427136e-01       9.795714926637e-02 
       9.724243641287e-01       9.855788581152e-02 
       9.853440505445e-01       9.914443624153e-02 
       9.982650277357e-01       9.971692531790e-02 
       1.011187322009e+00       1.002755799031e-01 
       1.024110960213e+00       1.008205152509e-01 
       1.037035969752e+00       1.013519736114e-01 
       1.049962378594e+00       1.018700371299e-01 
       1.062890215286e+00       1.023748231387e-01 
       1.075819508964e+00       1.028665622246e-01 
       1.088750289367e+00       1.033453063972e-01 
       1.101682586845e+00       1.038112870351e-01 
       1.114616432381e+00       1.042646330959e-01 
       1.127551857595e+00       1.047054860061e-01 
       1.140488894762e+00       1.051340012360e-01 
       1.153427576826e+00       1.055502316367e-01 
       1.166367937411e+00       1.059544231826e-01 
       1.179310010842e+00       1.063467176312e-01 
       1.192253832149e+00       1.067271638961e-01 
       1.205199437095e+00       1.070959762372e-01 
       1.218146862179e+00       1.074532465334e-01 
       1.231096144662e+00       1.077991101686e-01 
       1.244047322577e+00       1.081337533501e-01 
       1.257000434746e+00       1.084572576014e-01 
       1.269955520800e+00       1.087697653864e-01 
       1.282912621193e+00       1.090713460660e-01 
       1.295871777220e+00       1.093622215641e-01 
       1.308833031039e+00       1.096424579768e-01 
       1.321796425683e+00       1.099121725068e-01 
       1.334762005082e+00       1.101715307299e-01 
       1.347729814085e+00       1.104206562682e-01 
       1.360699898474e+00       1.106595960207e-01 
       1.373672304990e+00       1.108885161420e-01 
       1.386647081347e+00       1.111075512169e-01 
       1.399624276260e+00       1.113168135299e-01 
       1.412603939461e+00       1.115164467397e-01 
       1.425586121726e+00       1.117064915265e-01 
       1.438570874891e+00       1.118871724376e-01 
       1.451558251883e+00       1.120585225842e-01 
       1.464548306736e+00       1.122207111705e-01 
       1.477541094622e+00       1.123737913989e-01 
       1.490536671869e+00       1.125179072820e-01 
       1.503535095992e+00       1.126531374235e-01 
       1.516536425716e+00       1.127796462436e-01 
       1.529540721002e+00       1.128975113167e-01 
       1.542548043076e+00       1.130067982461e-01 
       1.555558454456e+00       1.131076383984e-01 
       1.568572018980e+00       1.132001468012e-01 
       1.581588801835e+00       1.132844450908e-01 
       1.594608869587e+00       1.133606775837e-01 
       1.607632290211e+00       1.134288569251e-01 
       1.620659133123e+00       1.134891522400e-01 
       1.633689469213e+00       1.135415578506e-01 
       1.646723370873e+00       1.135863348009e-01 
       1.659760912037e+00       1.136234550271e-01 
       1.672802168211e+00       1.136531426880e-01 
       1.685847216507e+00       1.136754325737e-01 
       1.698896135684e+00       1.136903483896e-01 
       1.711949006180e+00       1.136980079319e-01 
       1.725005910152e+00       1.136987249184e-01 
       1.738066931515e+00       1.136923250219e-01 
       1.751132155980e+00       1.136790557964e-01 
       1.764201671096e+00       1.136589032376e-01 
       1.777275566290e+00       1.136320027700e-01 
       1.790353932912e+00       1.135985742613e-01 
       1.803436864278e+00       1.135585098348e-01 
       1.816524455711e+00       1.135120464773e-01 
       1.829616804593e+00       1.134591681704e-01 
       1.842714010407e+00       1.134000717691e-01 
       1.855816174790e+00       1.133348456272e-01 
       1.868923401577e+00       1.132634811318e-01 
       1.882035796855e+00       1.131862250973e-01 
       1.895153469015e+00       1.131029361261e-01 
       1.908276528807e+00       1.130138896700e-01 
       1.921405089387e+00       1.129190077409e-01 
       1.934539266385e+00       1.128185790561e-01 
       1.947679177952e+00       1.127125851663e-01 
       1.960824944825e+00       1.126010184092e-01 
       1.973976690386e+00       1.124842004261e-01 
       1.987134540724e+00       1.123621010747e-01 
       2.000298624699e+00       1.122346849732e-01 
       2.013469074008e+00       1.121021744231e-01 
       2.026646023253e+00       1.119644887736e-01 
       2.039829610007e+00       1.118219907525e-01 
       2.053019974888e+00       1.116745368747e-01 
       2.066217261632e+00       1.115223052731e-01 
       2.079421617166e+00       1.113652154326e-01 
       2.092633191686e+00       1.112036445477e-01 
       2.105852138735e+00       1.110373490783e-01 
       2.119078615286e+00       1.108668364784e-01 
       2.132312781824e+00       1.106916214972e-01 
       2.145554802431e+00       1.105119998944e-01 
       2.158804844878e+00       1.103283298478e-01 
       2.172063080709e+00       1.101403276812e-01 
       2.185329685341e+00       1.099483535335e-01 
       2.198604838154e+00       1.097523499976e-01 
       2.211888722595e+00       1.095521470691e-01 
       2.225181526273e+00       1.093481734131e-01 
       2.238483441071e+00       1.091404478355e-01 
       2.251794663244e+00       1.089290023204e-01 
       2.265115393539e+00       1.087138091555e-01 
       2.278445837299e+00       1.084947700735e-01 
       2.291786204589e+00       1.082726069583e-01 
       2.305136710308e+00       1.080466353436e-01 
       2.318497574321e+00       1.078174075623e-01 
       2.331869021579e+00       1.075849208775e-01 
       2.345251282255e+00       1.073490375643e-01 
       2.358644591880e+00       1.071101039416e-01 
       2.372049191478e+00       1.068679234722e-01 
       2.385465327715e+00       1.066227650421e-01 
       2.398893253043e+00       1.063746373458e-01 
       2.412333225856e+00       1.061233383893e-01 
       2.425785510645e+00       1.058693887649e-01 
       2.439250378162e+00       1.056125148872e-01 
       2.452728105587e+00       1.053527768936e-01 
       2.466218976702e+00       1.050905348714e-01 
       2.479723282065e+00       1.048257611052e-01 
       2.493241319201e+00       1.045581819763e-01 
       2.506773392786e+00       1.042880024373e-01 
       2.520319814846e+00       1.040157642757e-01 
       2.533880904960e+00       1.037408143619e-01 
       2.547456990467e+00       1.034637836709e-01 
       2.561048406685e+00       1.031841749380e-01 
       2.574655497130e+00       1.029026772592e-01 
       2.588278613754e+00       1.026187146812e-01 
       2.601918117175e+00       1.023329814450e-01 
       2.615574376930e+00       1.020446967403e-01 
       2.629247771730e+00       1.017549818266e-01 
       2.642938689721e+00       1.014630701182e-01 
       2.656647528756e+00       1.011691416074e-01 
       2.670374696685e+00       1.008736214928e-01 
       2.684120611639e+00       1.005761200763e-01 
       2.697885702339e+00       1.002769972229e-01 
       2.711670408408e+00       9.997623571680e-02 
       2.725475180694e+00       9.967358996745e-02 
       2.739300481612e+00       9.936958583885e-02 
       2.753146785487e+00       9.906414433159e-02 
       2.767014578922e+00       9.875666852693e-02 
       2.780904361170e+00       9.844821478147e-02 
       2.794816644522e+00       9.813811895466e-02 
       2.808751954718e+00       9.782684081184e-02 
       2.822710831357e+00       9.751421418036e-02 
       2.836693828341e+00       9.720035334799e-02 
       2.850701514323e+00       9.688481759291e-02 
       2.864734473176e+00       9.656876799068e-02 
       2.878793304484e+00       9.625133683410e-02 
       2.892878624049e+00       9.593253391718e-02 
       2.906991064417e+00       9.561305107238e-02 
       2.921131275426e+00       9.529222939954e-02 
       2.935299924782e+00       9.497080371307e-02 
       2.949497698647e+00       9.464811650151e-02 
       2.963725302260e+00       9.432474284633e-02 
       2.977983460583e+00       9.400041398124e-02 
       2.992272918971e+00       9.367494898086e-02 
       3.006594443868e+00       9.334924923609e-02 
       3.020948823542e+00       9.302242310161e-02 
       3.035336868841e+00       9.269471416945e-02 
       3.049759413987e+00       9.236670268251e-02 
       3.064217317405e+00       9.203805274500e-02 
       3.078711462587e+00       9.170824892446e-02 
       3.093242758992e+00       9.137842115184e-02 
       3.107812142994e+00       9.104777940299e-02 
       3.122420578861e+00       9.071665785637e-02 
       3.137069059792e+00       9.038491936779e-02 
       3.151758608992e+00       9.005288378657e-02 
       3.166490280798e+00       8.972002827108e-02 
       3.181265161865e+00       8.938724946699e-02 
       3.196084372398e+00       8.905370748292e-02 
       3.210949067452e+00       8.872021251319e-02 
       3.225860438288e+00       8.838596510399e-02 
       3.240819713799e+00       8.805150786272e-02 
       3.255828162006e+00       8.771691422838e-02 
       3.270887091624e+00       8.738181509774e-02 
       3.285997853713e+00       8.704662441956e-02 
       3.301161843409e+00       8.671114538232e-02 
       3.316380501744e+00       8.637545538680e-02 
       3.331655317560e+00       8.603974937758e-02 
       3.346987829526e+00       8.570364328176e-02 
       3.362379628256e+00       8.536762135780e-02 
       3.377832358544e+00       8.503115448864e-02 
       3.393347721722e+00       8.469484077211e-02 
       3.408927478140e+00       8.435838736569e-02 
       3.424573449786e+00       8.402170648845e-02 
       3.440287523057e+00       8.368513967130e-02 
       3.456071651676e+00       8.334837692962e-02 
       3.471927859782e+00       8.301172982481e-02 
       3.487858245202e+00       8.267509076721e-02 
       3.503864982901e+00       8.233828876570e-02 
       3.519950328647e+00       8.200159445046e-02 
       3.536116622893e+00       8.166469923572e-02 
       3.552366294885e+00       8.132819806757e-02 
       3.568701867033e+00       8.099133570510e-02 
       3.585125959544e+00       8.065485452995e-02 
       3.601641295346e+00       8.031828109814e-02 
       3.618250705325e+00       7.998187909655e-02 
       3.634957133902e+00       7.964519218285e-02 
       3.651763644963e+00       7.930866417260e-02 
       3.668673428187e+00       7.897260618826e-02 
       3.685689805793e+00       7.863626894610e-02 
       3.702816239739e+00       7.830010648131e-02 
       3.720056339422e+00       7.796387320356e-02 
       3.737413869901e+00       7.762770842343e-02 
       3.754892760703e+00       7.729160689968e-02 
       3.772497115259e+00       7.695563678719e-02 
       3.790231221014e+00       7.661991981442e-02 
       3.808099560282e+00       7.628392718917e-02 
       3.826106821904e+00       7.594828418381e-02 
       3.844257913789e+00       7.561233223673e-02 
       3.862557976406e+00       7.527670351368e-02 
       3.881012397328e+00       7.494079421303e-02 
       3.899626826916e+00       7.460509122813e-02 
       3.918407195262e+00       7.426945301548e-02 
       3.937359730503e+00       7.393376730117e-02 
       3.956490978641e+00       7.359805530342e-02 
       3.975807825032e+00       7.326230427889e-02 
       3.995317517692e+00       7.292627314421e-02 
       4.015027692623e+00       7.259035438351e-02 
       4.034946401370e+00       7.225449090010e-02 
       4.055082141027e+00       7.191818748379e-02 
       4.075443886988e+00       7.158174588026e-02 
       4.096041128710e+00       7.124532805552e-02 
       4.116883908857e+00       7.090867653155e-02 
       4.137982866179e+00       7.057168494498e-02 
       4.159349282586e+00       7.023438469632e-02 
       4.180995134891e+00       6.989669399601e-02 
       4.202933151796e+00       6.955885165300e-02 
       4.225176876752e+00       6.922041629640e-02 
       4.247740737431e+00       6.888180143637e-02 
       4.270640122652e+00       6.854259676542e-02 
       4.293891467719e+00       6.820295873323e-02 
       4.317512349293e+00       6.786239566263e-02 
       4.341521591072e+00       6.752115732934e-02 
       4.365939381778e+00       6.717947527347e-02 
       4.390787407176e+00       6.683692179206e-02 
       4.416088998138e+00       6.649345734403e-02 
       4.441869297109e+00       6.614908803398e-02 
       4.468155445735e+00       6.580381840813e-02 
       4.494976796901e+00       6.545702629788e-02 
       4.522365154998e+00       6.510945436449e-02 
       4.550355048968e+00       6.476054326784e-02 
       4.578984043507e+00       6.440983092070e-02 
       4.608293094839e+00       6.405773654027e-02 
       4.638326958771e+00       6.370388188643e-02 
       4.669134660250e+00       6.334830636256e-02 
       4.700770035577e+00       6.299083476873e-02 
       4.733292360775e+00       6.263107872451e-02 
       4.766767082542e+00       6.226866476595e-02 
       4.801266671837e+00       6.190406011105e-02 
       4.836871624742e+00       6.153631805458e-02 
       4.873671640902e+00       6.116561293829e-02 
       4.911767017117e+00       6.079146674180e-02 
       4.951270302723e+00       6.041349444310e-02 
       4.992308275024e+00       6.003151463721e-02 
       5.035024307730e+00       5.964510067195e-02 
       5.079581224164e+00       5.925349687869e-02 
       5.126164750904e+00       5.885623019721e-02 
       5.174987718023e+00       5.845283507657e-02 
       5.226295190576e+00       5.804240426804e-02 
       5.280370764396e+00       5.762381638471e-02 
       5.337544318676e+00       5.719636552099e-02 
       5.398201588837e+00       5.675851354195e-02 
       5.462796002916e+00       5.630855716575e-02 
       5.531863303930e+00       5.584450139709e-02 
       5.606039535749e+00       5.536396785741e-02 
       5.686082948758e+00       5.486369795102e-02 
       5.772900175965e+00       5.433914048883e-02 
       5.867576428892e+00       5.378512177972e-02 
       5.971408073419e+00       5.319414568989e-02 
       6.085933095530e+00       5.255667090019e-02 
       6.212949641691e+00       5.185925587037e-02 
       6.354503899918e+00       5.108455282237e-02 
       6.512816053528e+00       5.020951048249e-02 
       6.690101337274e+00       4.920499115857e-02 
       6.888247233629e+00       4.803692222577e-02 
       7.108355388914e+00       4.667083086142e-02 
       7.350267144325e+00       4.507988281779e-02 
       7.612313647307e+00       4.325678190472e-02 
       7.891514369270e+00       4.122394366238e-02 
       8.184199651748e+00       3.903597680772e-02 
       8.486746806108e+00       3.677221859885e-02 
       8.796096222652e+00       3.452258203227e-02 
       9.109937178256e+00       3.237229582894e-02 
       9.426654988574e+00       3.039156363532e-02 
       9.745178536356e+00       2.862844423236e-02 
       1.006482085690e+01       2.710746692522e-02 
       1.038515068103e+01       2.583097201964e-02 
       1.070590084733e+01       2.478279324774e-02 
       1.102690721107e+01       2.393235213776e-02 
       1.134806942850e+01       2.323907549823e-02 
       1.166932634673e+01       2.265690935853e-02 
       1.199064076691e+01       2.213876107570e-02 
       1.231199008703e+01       2.164046612142e-02 
       1.263336058362e+01       2.112490510196e-02 
       1.295474392757e+01       2.056446336613e-02 
       1.327613506503e+01       1.994400776654e-02 
       1.359753092994e+01       1.926007871890e-02 
       1.391892966240e+01       1.852060697050e-02 
       1.424033013418e+01       1.774185943961e-02 
       1.456173166097e+01       1.694636222278e-02 
       1.488313382769e+01       1.615838666978e-02 
       1.520453638256e+01       1.540136708309e-02 
       1.552593917290e+01       1.469520683786e-02 
       1.584734210606e+01       1.405478439559e-02 
       1.616874512587e+01       1.348894801854e-02 
       1.649014819825e+01       1.300026570019e-02 
       1.681155130254e+01       1.258566484237e-02 
       1.713295442620e+01       1.223736796251e-02 
       1.745435756162e+01       1.194379877642e-02 
       1.777576070419e+01       1.169125753373e-02 
       1.809716385110e+01       1.146517032436e-02 
       1.841856700067e+01       1.125250425450e-02 
       1.873997015186e+01       1.104075519912e-02 
       1.906137330404e+01       1.081773086719e-02 
       1.938277645683e+01       1.057627553052e-02 
       1.970417961001e+01       1.031289337184e-02 
       2.002558276343e+01       1.002821847140e-02 
       2.034698591701e+01       9.726094494523e-03 
       2.066838907069e+01       9.413133704764e-03 
       2.098979222445e+01       9.096901309481e-03 
       2.131119537825e+01       8.785535946566e-03 
       2.163259853210e+01       8.485905907115e-03 
       2.195400168598e+01       8.203663653340e-03 
       2.227540483988e+01       7.943008299970e-03 
       2.259680799381e+01       7.706319682228e-03 
       2.291821114775e+01       7.494434744915e-03 
       2.323961430172e+01       7.306655252725e-03 
       2.356101745570e+01       7.140831290593e-03 
       2.388242060970e+01       6.993598306218e-03 
       2.420382376372e+01       6.860744429899e-03 
       2.452522691775e+01       6.737387365867e-03 
       2.484663007180e+01       6.618958969450e-03 
       2.516803322586e+01       6.501418751309e-03 
       2.548943637993e+01       6.381452358816e-03 
       2.581083953401e+01       6.257018581521e-03 
       2.613224268811e+01       6.127122909876e-03 
       2.645364584222e+01       5.991739759286e-03 
       2.677504899634e+01       5.851616952957e-03 
       2.709645215048e+01       5.708420411972e-03 
       2.741785530462e+01       5.564081978774e-03 
       2.773925845877e+01       5.420994785425e-03 
       2.806066161293e+01       5.281555321232e-03 
       2.838206476711e+01       5.147988421421e-03 
       2.870346792129e+01       5.021944638494e-03 
       2.902487107548e+01       4.904475941032e-03 
       2.934627422968e+01       4.795998236186e-03 
       2.966767738388e+01       4.696094648475e-03 
       2.998908053810e+01       4.604064386765e-03 
       3.031048369232e+01       4.518709965196e-03 
       3.063188684655e+01       4.438805431628e-03 
       3.095329000079e+01       4.362958991528e-03 
       3.127469315504e+01       4.289751790789e-03 
       3.159609630929e+01       4.218040206594e-03 
       3.191749946355e+01       4.146634261083e-03 
       3.223890261781e+01       4.074697313656e-03 
       3.256030577208e+01       4.001711064363e-03 
       3.288170892636e+01       3.927521817808e-03 
       3.320311208065e+01       3.852415527873e-03 
       3.352451523493e+01       3.776798146342e-03 
       3.384591838923e+01       3.701388878211e-03 
       3.416732154353e+01       3.626874748157e-03 
       3.448872469783e+01       3.553911902048e-03 
       3.481012785215e+01       3.483086867983e-03 
       3.513153100646e+01       3.414859743051e-03 
       3.545293416078e+01       3.349551475459e-03 
       3.577433731511e+01       3.287418312778e-03 
       3.609574046944e+01       3.228508830543e-03 
       3.641714362377e+01       3.172767276258e-03 
       3.673854677811e+01       3.119836839084e-03 
       3.705994993245e+01       3.069319305349e-03 
       3.738135308680e+01       3.020707792185e-03 
       3.770275624115e+01       2.973491753089e-03 
       3.802415939550e+01       2.927248140296e-03 
       3.834556254986e+01       2.881659302860e-03 
       3.866696570422e+01       2.836451605968e-03 
       3.898836885859e+01       2.791527773434e-03 
       3.930977201296e+01       2.746808019676e-03 
       3.963117516733e+01       2.702280486202e-03 
       3.995257832171e+01       2.657995312461e-03 
       4.027398147609e+01       2.614067039368e-03 
       4.059538463047e+01       2.570661239614e-03 
       4.091678778486e+01       2.527985294423e-03 
       4.123819093924e+01       2.486248693295e-03 
       4.155959409364e+01       2.445620797497e-03 
       4.188099724803e+01       2.406208976903e-03 
       4.220240040243e+01       2.368070860121e-03 
       4.252380355683e+01       2.331179751059e-03 
       4.284520671123e+01       2.295482247881e-03 
       4.316660986564e+01       2.260923001725e-03 
       4.348801302005e+01       2.227448754664e-03 
       4.380941617446e+01       2.194978493475e-03 
       4.413081932887e+01       2.163409078431e-03 
       4.445222248329e+01       2.132611384152e-03 
       4.477362563770e+01       2.102456703496e-03 
       4.509502879212e+01       2.072813677458e-03 
       4.541643194655e+01       2.043571412799e-03 
       4.573783510097e+01       2.014661823746e-03 
       4.605923825540e+01       1.986070969444e-03 
       4.638064140983e+01       1.957802866673e-03 
       4.670204456426e+01       1.929888296990e-03 
       4.702344771869e+01       1.902361916593e-03 
       4.734485087313e+01       1.875242040786e-03 
       4.766625402757e+01       1.848570950970e-03 
       4.798765718201e+01       1.822365490594e-03 
       4.830906033645e+01       1.796688156564e-03 
       4.863046349089e+01       1.771599235487e-03 
       4.895186664534e+01       1.747119655248e-03 
       4.927326979978e+01       1.723291496305e-03 
       4.959467295423e+01       1.700100427991e-03 
       4.991607610868e+01       1.677499616164e-03 
       5.023747926313e+01       1.655444464264e-03 
       5.055888241759e+01       1.633852024765e-03 
       5.088028557204e+01       1.612697883975e-03 
       5.120168872650e+01       1.591935974526e-03 
       5.152309188096e+01       1.571543585734e-03 
       5.184449503542e+01       1.551481130420e-03 
       5.216589818988e+01       1.531733648358e-03 
       5.248730134434e+01       1.512260883568e-03 
       5.280870449880e+01       1.493042330632e-03 
       5.313010765327e+01       1.474072094291e-03 
       5.345151080774e+01       1.455356922340e-03 
       5.377291396221e+01       1.436919493069e-03 
       5.409431711668e+01       1.418790856238e-03 
       5.441572027115e+01       1.400987425523e-03 
       5.473712342562e+01       1.383525309785e-03 
       5.505852658009e+01       1.366379036489e-03 
       5.537992973457e+01       1.349561859917e-03 
       5.570133288904e+01       1.333056170720e-03 
       5.602273604352e+01       1.316852667112e-03 
       5.634413919800e+01       1.300968000216e-03 
       5.666554235248e+01       1.285384959936e-03 
       5.698694550696e+01       1.270105733413e-03 
       5.730834866144e+01       1.255113422361e-03 
       5.762975181592e+01       1.240387169320e-03 
       5.795115497041e+01       1.225896319973e-03 
       5.827255812489e+01       1.211626190557e-03 
       5.859396127938e+01       1.197568762761e-03 
       5.891536443387e+01       1.183716355678e-03 
       5.923676758836e+01       1.170079100476e-03 
       5.955817074285e+01       1.156654155688e-03 
       5.987957389734e+01       1.143433415010e-03 
       6.020097705183e+01       1.130410422525e-03 
       6.052238020632e+01       1.117571192777e-03 
       6.084378336081e+01       1.104914401461e-03 
       6.116518651531e+01       1.092446593164e-03 
       6.148658966980e+01       1.080163648508e-03 
       6.180799282430e+01       1.068090054979e-03 
       6.212939597879e+01       1.056226495244e-03 
       6.245079913329e+01       1.044565311688e-03 
       6.277220228779e+01       1.033098683809e-03 
       6.309360544229e+01       1.021814037444e-03 
       6.341500859679e+01       1.010702790838e-03 
       6.373641175129e+01       9.997615960727e-04 
       6.405781490579e+01       9.889918588233e-04 
       6.437921806030e+01       9.783948100432e-04 
       6.470062121480e+01       9.679648501475e-04 
       6.502202436930e+01       9.576979599844e-04 
       6.534342752381e+01       9.475790516741e-04 
       6.566483067831e+01       9.375979736612e-04 
       6.598623383282e+01       9.277509105540e-04 
