# Matter power spectrum P(k) at redshift z=0
# for k=0.000782008 to 65.9862 h/Mpc,
# number of wavenumbers equal to 534
#    1:k (h/Mpc)              2:P (Mpc/h)^3        
       7.820083848374e-04       1.273744292888e-04 
       6.177346143143e-03       1.006065223535e-03 
       1.871944193392e-02       3.046008370566e-03 
       3.155332575151e-02       5.125325290548e-03 
       4.441123299759e-02       7.196093537072e-03 
       5.727583737264e-02       9.252471274409e-03 
       7.014334856092e-02       1.129174066209e-02 
       8.301247785211e-02       1.331211915961e-02 
       9.588267201464e-02       1.531220220292e-02 
       1.087536567745e-01       1.729084209363e-02 
       1.216252825280e-01       1.924719873879e-02 
       1.344974622189e-01       2.118051643476e-02 
       1.473701430070e-01       2.309004450316e-02 
       1.602432920786e-01       2.497546952657e-02 
       1.731168889999e-01       2.683648784682e-02 
       1.859909213484e-01       2.867274687351e-02 
       1.988653820912e-01       3.048410272134e-02 
       2.117402679488e-01       3.227037653503e-02 
       2.246155783373e-01       3.403146298151e-02 
       2.374913146644e-01       3.576734331440e-02 
       2.503674798490e-01       3.747796877029e-02 
       2.632440779862e-01       3.916340620256e-02 
       2.761211141087e-01       4.082370055432e-02 
       2.889985940146e-01       4.245895711008e-02 
       3.018765241413e-01       4.406926867851e-02 
       3.147549114710e-01       4.565480424010e-02 
       3.276337634612e-01       4.721569672009e-02 
       3.405130879910e-01       4.875212213660e-02 
       3.533928933205e-01       5.026452896979e-02 
       3.662731880602e-01       5.175263244263e-02 
       3.791539811476e-01       5.321665310235e-02 
       3.920352818282e-01       5.465724538513e-02 
       4.049170996431e-01       5.607468109044e-02 
       4.177994444176e-01       5.746869037977e-02 
       4.306823262544e-01       5.883871367946e-02 
       4.435657555277e-01       6.018671341038e-02 
       4.564497428799e-01       6.151153153163e-02 
       4.693342992194e-01       6.281379772480e-02 
       4.822194357193e-01       6.409484159029e-02 
       4.951051638177e-01       6.535363850120e-02 
       5.079914952183e-01       6.659075343072e-02 
       5.208784418920e-01       6.780668945285e-02 
       5.337660160789e-01       6.900089321811e-02 
       5.466542302911e-01       7.017448697268e-02 
       5.595430973156e-01       7.132697713295e-02 
       5.724326302178e-01       7.245957236512e-02 
       5.853228423454e-01       7.357196758643e-02 
       5.982137473327e-01       7.466324434367e-02 
       6.111053591045e-01       7.573567148880e-02 
       6.239976918817e-01       7.678852429042e-02 
       6.368907601854e-01       7.782195158948e-02 
       6.497845788427e-01       7.883548916230e-02 
       6.626791629919e-01       7.983033806662e-02 
       6.755745280882e-01       8.080723760418e-02 
       6.884706899095e-01       8.176395670981e-02 
       7.013676645626e-01       8.270417802075e-02 
       7.142654684892e-01       8.362625863003e-02 
       7.271641184725e-01       8.452875556852e-02 
       7.400636316441e-01       8.541638230593e-02 
       7.529640254901e-01       8.628461122741e-02 
       7.658653178588e-01       8.713586956127e-02 
       7.787675269675e-01       8.797037981219e-02 
       7.916706714100e-01       8.878673317137e-02 
       8.045747701640e-01       8.958822888411e-02 
       8.174798425990e-01       9.037276323839e-02 
       8.303859084842e-01       9.114099679556e-02 
       8.432929879966e-01       9.189243152609e-02 
       8.562011017289e-01       9.262878995480e-02 
       8.691102706989e-01       9.334884797864e-02 
       8.820205163571e-01       9.405507085966e-02 
       8.949318605966e-01       9.474263707243e-02 
       9.078443257613e-01       9.541689817959e-02 
       9.207579346559e-01       9.607561769468e-02 
       9.336727105549e-01       9.671969730387e-02 
       9.465886772126e-01       9.735035844868e-02 
       9.595058588730e-01       9.796400376089e-02 
       9.724242802800e-01       9.856497873055e-02 
       9.853439666875e-01       9.915213518883e-02 
       9.982649438703e-01       9.972503383884e-02 
       1.011187238135e+00       1.002842632464e-01 
       1.024110876330e+00       1.008284741511e-01 
       1.037035885860e+00       1.013613209814e-01 
       1.049962294693e+00       1.018777744153e-01 
       1.062890131376e+00       1.023836472134e-01 
       1.075819425044e+00       1.028740235580e-01 
       1.088750205437e+00       1.033533572327e-01 
       1.101682502906e+00       1.038185739491e-01 
       1.114616348431e+00       1.042730517652e-01 
       1.127551773635e+00       1.047144070965e-01 
       1.140488810791e+00       1.051430276724e-01 
       1.153427492844e+00       1.055590761055e-01 
       1.166367853419e+00       1.059633459436e-01 
       1.179309926838e+00       1.063548019028e-01 
       1.192253748134e+00       1.067351228270e-01 
       1.205199353068e+00       1.071047657807e-01 
       1.218146778140e+00       1.074619720099e-01 
       1.231096060611e+00       1.078085834131e-01 
       1.244047238513e+00       1.081421435332e-01 
       1.257000350670e+00       1.084657936274e-01 
       1.269955436711e+00       1.087779914199e-01 
       1.282912537090e+00       1.090827363081e-01 
       1.295871693105e+00       1.093742729270e-01 
       1.308832946910e+00       1.096503347193e-01 
       1.321796341539e+00       1.099202850789e-01 
       1.334761920924e+00       1.101836027717e-01 
       1.347729729913e+00       1.104296033614e-01 
       1.360699814287e+00       1.106682700777e-01 
       1.373672220787e+00       1.108975382929e-01 
       1.386646997129e+00       1.111171644413e-01 
       1.399624192026e+00       1.113249502012e-01 
       1.412603855211e+00       1.115255620087e-01 
       1.425586037459e+00       1.117153389388e-01 
       1.438570790608e+00       1.118968225142e-01 
       1.451558167582e+00       1.120663668075e-01 
       1.464548222418e+00       1.122286303298e-01 
       1.477541010286e+00       1.123880571828e-01 
       1.490536587514e+00       1.125270341273e-01 
       1.503535011619e+00       1.126622175003e-01 
       1.516536341323e+00       1.127875645064e-01 
       1.529540636590e+00       1.129050737910e-01 
       1.542547958645e+00       1.130156971256e-01 
       1.555558370005e+00       1.131171768044e-01 
       1.568571934508e+00       1.132092467819e-01 
       1.581588717341e+00       1.132938308666e-01 
       1.594608785072e+00       1.133703919278e-01 
       1.607632205673e+00       1.134386265871e-01 
       1.620659048563e+00       1.134986562993e-01 
       1.633689384630e+00       1.135512754143e-01 
       1.646723286267e+00       1.135948386435e-01 
       1.659760827408e+00       1.136323055617e-01 
       1.672802083557e+00       1.136616254910e-01 
       1.685847131828e+00       1.136853901268e-01 
       1.698896050980e+00       1.136989727752e-01 
       1.711948921450e+00       1.137073135602e-01 
       1.725005825395e+00       1.137072113725e-01 
       1.738066846731e+00       1.137010315191e-01 
       1.751132071169e+00       1.136870409590e-01 
       1.764201586256e+00       1.136675238566e-01 
       1.777275481422e+00       1.136412369202e-01 
       1.790353848015e+00       1.136077660239e-01 
       1.803436779350e+00       1.135684760773e-01 
       1.816524370753e+00       1.135204775801e-01 
       1.829616719604e+00       1.134692334644e-01 
       1.842713925386e+00       1.134091826761e-01 
       1.855816089736e+00       1.133442662115e-01 
       1.868923316490e+00       1.132732311055e-01 
       1.882035711734e+00       1.131957660911e-01 
       1.895153383860e+00       1.131109136756e-01 
       1.908276443616e+00       1.130241499685e-01 
       1.921405004161e+00       1.129270527099e-01 
       1.934539181122e+00       1.128286411329e-01 
       1.947679092651e+00       1.127225999078e-01 
       1.960824859486e+00       1.126103875933e-01 
       1.973976605007e+00       1.124929304322e-01 
       1.987134455305e+00       1.123716672705e-01 
       2.000298539239e+00       1.122443413524e-01 
       2.013468988507e+00       1.121099098136e-01 
       2.026645937709e+00       1.119726554934e-01 
       2.039829524419e+00       1.118305547149e-01 
       2.053019889256e+00       1.116826543134e-01 
       2.066217175955e+00       1.115304564109e-01 
       2.079421531442e+00       1.113739489009e-01 
       2.092633105915e+00       1.112124654567e-01 
       2.105852052915e+00       1.110467678419e-01 
       2.119078529417e+00       1.108748250843e-01 
       2.132312695905e+00       1.107001004647e-01 
       2.145554716461e+00       1.105207910959e-01 
       2.158804758855e+00       1.103364087552e-01 
       2.172062994632e+00       1.101478975675e-01 
       2.185329599209e+00       1.099576952182e-01 
       2.198604751966e+00       1.097615130157e-01 
       2.211888636349e+00       1.095621510232e-01 
       2.225181439969e+00       1.093583083542e-01 
       2.238483354707e+00       1.091492752450e-01 
       2.251794576820e+00       1.089380492706e-01 
       2.265115307052e+00       1.087223040837e-01 
       2.278445750748e+00       1.085044127227e-01 
       2.291786117973e+00       1.082809848819e-01 
       2.305136623626e+00       1.080561726482e-01 
       2.318497487571e+00       1.078270375438e-01 
       2.331868934759e+00       1.075940562764e-01 
       2.345251195364e+00       1.073586909588e-01 
       2.358644504916e+00       1.071175752511e-01 
       2.372049104441e+00       1.068761634376e-01 
       2.385465240602e+00       1.066309525213e-01 
       2.398893165852e+00       1.063827862175e-01 
       2.412333138586e+00       1.061324849122e-01 
       2.425785423295e+00       1.058787547430e-01 
       2.439250290729e+00       1.056206973282e-01 
       2.452728018070e+00       1.053610114221e-01 
       2.466218889098e+00       1.050985201222e-01 
       2.479723194374e+00       1.048353460683e-01 
       2.493241231419e+00       1.045656499258e-01 
       2.506773304912e+00       1.042972868595e-01 
       2.520319726878e+00       1.040255264733e-01 
       2.533880816896e+00       1.037507259610e-01 
       2.547456902305e+00       1.034721727879e-01 
       2.561048318422e+00       1.031930732709e-01 
       2.574655408764e+00       1.029117366774e-01 
       2.588278525282e+00       1.026267956364e-01 
       2.601918028596e+00       1.023417943568e-01 
       2.615574288242e+00       1.020544785720e-01 
       2.629247682929e+00       1.017643138736e-01 
       2.642938600804e+00       1.014723166836e-01 
       2.656647439722e+00       1.011771284253e-01 
       2.670374607531e+00       1.008821687176e-01 
       2.684120522362e+00       1.005844829148e-01 
       2.697885612936e+00       1.002846783544e-01 
       2.711670318876e+00       9.998512829989e-02 
       2.725475091031e+00       9.968128944589e-02 
       2.739300391814e+00       9.937898003930e-02 
       2.753146695551e+00       9.907297644259e-02 
       2.767014488845e+00       9.876603171381e-02 
       2.780904270948e+00       9.845634159502e-02 
       2.794816554153e+00       9.814647088376e-02 
       2.808751864197e+00       9.783538035393e-02 
       2.822710740682e+00       9.752354233708e-02 
       2.836693737507e+00       9.720944773610e-02 
       2.850701423327e+00       9.689300950839e-02 
       2.864734382014e+00       9.657874275314e-02 
       2.878793213153e+00       9.625994472132e-02 
       2.892878532544e+00       9.594168109780e-02 
       2.906990972733e+00       9.562189176322e-02 
       2.921131183560e+00       9.530001278184e-02 
       2.935299832729e+00       9.497961439937e-02 
       2.949497606403e+00       9.465649629905e-02 
       2.963725209820e+00       9.433484694450e-02 
       2.977983367942e+00       9.400844833437e-02 
       2.992272826124e+00       9.368279422113e-02 
       3.006594350811e+00       9.335796822332e-02 
       3.020948730269e+00       9.303052199776e-02 
       3.035336775347e+00       9.270316817915e-02 
       3.049759320266e+00       9.237512895795e-02 
       3.064217223452e+00       9.204604429895e-02 
       3.078711368395e+00       9.171700497708e-02 
       3.093242664557e+00       9.138695531966e-02 
       3.107812048308e+00       9.105660726591e-02 
       3.122420483919e+00       9.072519887000e-02 
       3.137068964587e+00       9.039383636204e-02 
       3.151758513516e+00       9.006125882885e-02 
       3.166490185046e+00       8.972847689642e-02 
       3.181265065828e+00       8.939646664686e-02 
       3.196084276070e+00       8.906319512822e-02 
       3.210948970825e+00       8.872815170529e-02 
       3.225860341354e+00       8.839394320484e-02 
       3.240819616551e+00       8.805987415430e-02 
       3.255828064434e+00       8.772519749937e-02 
       3.270886993720e+00       8.739022481401e-02 
       3.285997755468e+00       8.705530799767e-02 
       3.301161744814e+00       8.671971389602e-02 
       3.316380402789e+00       8.638435488561e-02 
       3.331655218236e+00       8.604814818530e-02 
       3.346987729823e+00       8.571270266658e-02 
       3.362379528162e+00       8.537647443681e-02 
       3.377832258050e+00       8.504032668118e-02 
       3.393347620815e+00       8.470276737252e-02 
       3.408927376809e+00       8.436776996564e-02 
       3.424573348020e+00       8.403109422090e-02 
       3.440287420843e+00       8.369301107194e-02 
       3.456071549000e+00       8.335636703507e-02 
       3.471927756632e+00       8.302107208195e-02 
       3.487858141563e+00       8.268387825406e-02 
       3.503864878759e+00       8.234489002683e-02 
       3.519950223988e+00       8.200935885096e-02 
       3.536116517700e+00       8.167217968867e-02 
       3.552366189143e+00       8.133587911911e-02 
       3.568701760726e+00       8.099940281386e-02 
       3.585125852653e+00       8.066212592517e-02 
       3.601641187854e+00       8.032664332754e-02 
       3.618250597213e+00       7.998976781539e-02 
       3.634957025151e+00       7.965480525943e-02 
       3.651763535552e+00       7.931605202379e-02 
       3.668673318095e+00       7.898068542362e-02 
       3.685689694998e+00       7.864547005828e-02 
       3.702816128218e+00       7.830830306759e-02 
       3.720056227152e+00       7.797192514529e-02 
       3.737413756855e+00       7.763539837054e-02 
       3.754892646857e+00       7.729965542876e-02 
       3.772497000585e+00       7.696365574679e-02 
       3.790231105483e+00       7.662787386593e-02 
       3.808099443865e+00       7.629155183624e-02 
       3.826106704570e+00       7.595632493178e-02 
       3.844257795505e+00       7.562031746707e-02 
       3.862557857138e+00       7.528520122475e-02 
       3.881012277040e+00       7.494877802687e-02 
       3.899626705570e+00       7.461492391788e-02 
       3.918407072820e+00       7.427600826126e-02 
       3.937359606922e+00       7.394106170537e-02 
       3.956490853879e+00       7.360533960183e-02 
       3.975807699042e+00       7.326924883865e-02 
       3.995317390426e+00       7.293460170579e-02 
       4.015027564030e+00       7.259783914879e-02 
       4.034946271396e+00       7.226237742784e-02 
       4.055082009616e+00       7.192725551414e-02 
       4.075443754080e+00       7.158832620744e-02 
       4.096040994242e+00       7.125484877126e-02 
       4.116883772762e+00       7.091779193432e-02 
       4.137982728385e+00       7.057957846490e-02 
       4.159349143018e+00       7.024218610798e-02 
       4.180994993469e+00       6.990450470208e-02 
       4.202933008435e+00       6.956577417719e-02 
       4.225176731361e+00       6.922906979998e-02 
       4.247740589913e+00       6.888879176916e-02 
       4.270639972904e+00       6.855033750163e-02 
       4.293891315631e+00       6.821070789815e-02 
       4.317512194747e+00       6.787037145091e-02 
       4.341521433941e+00       6.752957844316e-02 
       4.365939221927e+00       6.718732706682e-02 
       4.390787244459e+00       6.684563855864e-02 
       4.416088832397e+00       6.650220555174e-02 
       4.441869128175e+00       6.615747264161e-02 
       4.468155273426e+00       6.581130797291e-02 
       4.494976621018e+00       6.546544847769e-02 
       4.522364975325e+00       6.511935153263e-02 
       4.550354865273e+00       6.477137082717e-02 
       4.578983855535e+00       6.441819599595e-02 
       4.608292902312e+00       6.406818263200e-02 
       4.638326761386e+00       6.371524016222e-02 
       4.669134457673e+00       6.335893576059e-02 
       4.700769827442e+00       6.299931184815e-02 
       4.733292146679e+00       6.263776690180e-02 
       4.766766862037e+00       6.227412731589e-02 
       4.801266444429e+00       6.191050225754e-02 
       4.836871389879e+00       6.154784120298e-02 
       4.873671397969e+00       6.117704261054e-02 
       4.911766765426e+00       6.079881708301e-02 
       4.951270041500e+00       6.042107211945e-02 
       4.992308003394e+00       6.003887401010e-02 
       5.035024024704e+00       5.965545821145e-02 
       5.079580928613e+00       5.925851859014e-02 
       5.126164441542e+00       5.886092448856e-02 
       5.174987393368e+00       5.845764378504e-02 
       5.226294848921e+00       5.805116899661e-02 
       5.280370403760e+00       5.762878257100e-02 
       5.337543936747e+00       5.720166053082e-02 
       5.398201182907e+00       5.676383165715e-02 
       5.462795569793e+00       5.631350424567e-02 
       5.531862839831e+00       5.584948203553e-02 
       5.606039036177e+00       5.536839778062e-02 
       5.686082408339e+00       5.486862998076e-02 
       5.772899588271e+00       5.434385548340e-02 
       5.867575786230e+00       5.379001829897e-02 
       5.971407366620e+00       5.319899169291e-02 
       6.085932313777e+00       5.256092705757e-02 
       6.212948772470e+00       5.186405620751e-02 
       6.354502929257e+00       5.108907199491e-02 
       6.512814966769e+00       5.021352714598e-02 
       6.690100120668e+00       4.921025982795e-02 
       6.888245876931e+00       4.804115015549e-02 
       7.108353888612e+00       4.667482572683e-02 
       7.350265506290e+00       4.508433379107e-02 
       7.612311887114e+00       4.326092601552e-02 
       7.891512509320e+00       4.122821072867e-02 
       8.184197716438e+00       3.903985860575e-02 
       8.486744817497e+00       3.677571375356e-02 
       8.796094198207e+00       3.452534699376e-02 
       9.109935130579e+00       3.237498406651e-02 
       9.426652926198e+00       3.039420492147e-02 
       9.745176464828e+00       2.863081279806e-02 
       1.006481877973e+01       2.710988986280e-02 
       1.038514860040e+01       2.583324482203e-02 
       1.070589876459e+01       2.478483113142e-02 
       1.102690512705e+01       2.393437250031e-02 
       1.134806734370e+01       2.324124886327e-02 
       1.166932426146e+01       2.265876560375e-02 
       1.199063868135e+01       2.214049709186e-02 
       1.231198800130e+01       2.164226355658e-02 
       1.263335849778e+01       2.112644315181e-02 
       1.295474184167e+01       2.056614957075e-02 
       1.327613297908e+01       1.994554540206e-02 
       1.359752884397e+01       1.926163252423e-02 
       1.391892757641e+01       1.852197149863e-02 
       1.424032804819e+01       1.774334824401e-02 
       1.456172957497e+01       1.694784595403e-02 
       1.488313174169e+01       1.615979604038e-02 
       1.520453429656e+01       1.540247720953e-02 
       1.552593708689e+01       1.469636792233e-02 
       1.584734002005e+01       1.405590166616e-02 
       1.616874303986e+01       1.349012657899e-02 
       1.649014611225e+01       1.300134307701e-02 
       1.681154921654e+01       1.258665754917e-02 
       1.713295234019e+01       1.223839902985e-02 
       1.745435547561e+01       1.194500709706e-02 
       1.777575861818e+01       1.169223208017e-02 
       1.809716176510e+01       1.146601785721e-02 
       1.841856491466e+01       1.125353561691e-02 
       1.873996806585e+01       1.104172115306e-02 
       1.906137121803e+01       1.081865647900e-02 
       1.938277437083e+01       1.057716204242e-02 
       1.970417752401e+01       1.031376605670e-02 
       2.002558067743e+01       1.002908424184e-02 
       2.034698383101e+01       9.726853061050e-03 
       2.066838698469e+01       9.413818117564e-03 
       2.098979013844e+01       9.097594927020e-03 
       2.131119329225e+01       8.786230311059e-03 
       2.163259644609e+01       8.486575152037e-03 
       2.195399959997e+01       8.204334920010e-03 
       2.227540275387e+01       7.943813631739e-03 
       2.259680590780e+01       7.706994725087e-03 
       2.291820906175e+01       7.495211110452e-03 
       2.323961221571e+01       7.307321393614e-03 
       2.356101536970e+01       7.141462852423e-03 
       2.388241852370e+01       6.994209455665e-03 
       2.420382167771e+01       6.861348418216e-03 
       2.452522483174e+01       6.737973630780e-03 
       2.484662798579e+01       6.619523152480e-03 
       2.516803113985e+01       6.501985964214e-03 
       2.548943429392e+01       6.381966270724e-03 
       2.581083744801e+01       6.257528029737e-03 
       2.613224060211e+01       6.127614064824e-03 
       2.645364375622e+01       5.992215208579e-03 
       2.677504691034e+01       5.852129756511e-03 
       2.709645006447e+01       5.708906522481e-03 
       2.741785321861e+01       5.564520774262e-03 
       2.773925637276e+01       5.421448908168e-03 
       2.806065952693e+01       5.282015334915e-03 
       2.838206268110e+01       5.148433212472e-03 
       2.870346583528e+01       5.022362149867e-03 
       2.902486898947e+01       4.904894474919e-03 
       2.934627214367e+01       4.796375644695e-03 
       2.966767529788e+01       4.696482652286e-03 
       2.998907845209e+01       4.604445499707e-03 
       3.031048160632e+01       4.519108284446e-03 
       3.063188476055e+01       4.439185784782e-03 
       3.095328791478e+01       4.363304199829e-03 
       3.127469106903e+01       4.290136491018e-03 
       3.159609422328e+01       4.218395290320e-03 
       3.191749737754e+01       4.146999126304e-03 
       3.223890053181e+01       4.075045794180e-03 
       3.256030368608e+01       4.002058550287e-03 
       3.288170684035e+01       3.927868147894e-03 
       3.320310999464e+01       3.852738217567e-03 
       3.352451314893e+01       3.777117400158e-03 
       3.384591630322e+01       3.701702291457e-03 
       3.416731945752e+01       3.627188410263e-03 
       3.448872261183e+01       3.554213683812e-03 
       3.481012576614e+01       3.483382041957e-03 
       3.513152892045e+01       3.415139034449e-03 
       3.545293207477e+01       3.349844865930e-03 
       3.577433522910e+01       3.287701468684e-03 
       3.609573838343e+01       3.228816681959e-03 
       3.641714153776e+01       3.173037408814e-03 
       3.673854469210e+01       3.120091205522e-03 
       3.705994784644e+01       3.069573608382e-03 
       3.738135100079e+01       3.020949238721e-03 
       3.770275415514e+01       2.973750310034e-03 
       3.802415730949e+01       2.927502054140e-03 
       3.834556046385e+01       2.881896199056e-03 
       3.866696361822e+01       2.836692745005e-03 
       3.898836677258e+01       2.791765686733e-03 
       3.930976992695e+01       2.747040127661e-03 
       3.963117308132e+01       2.702509353032e-03 
       3.995257623570e+01       2.658229352596e-03 
       4.027397939008e+01       2.614292885054e-03 
       4.059538254446e+01       2.570885445882e-03 
       4.091678569885e+01       2.528196246542e-03 
       4.123818885324e+01       2.486462547596e-03 
       4.155959200763e+01       2.445831807739e-03 
       4.188099516202e+01       2.406409874872e-03 
       4.220239831642e+01       2.368262554564e-03 
       4.252380147082e+01       2.331356381795e-03 
       4.284520462522e+01       2.295664860958e-03 
       4.316660777963e+01       2.261116032508e-03 
       4.348801093404e+01       2.227638628342e-03 
       4.380941408845e+01       2.195162289998e-03 
       4.413081724286e+01       2.163591649777e-03 
       4.445222039728e+01       2.132786481784e-03 
       4.477362355170e+01       2.102636183265e-03 
       4.509502670612e+01       2.072989755576e-03 
       4.541642986054e+01       2.043750609351e-03 
       4.573783301496e+01       2.014831979766e-03 
       4.605923616939e+01       1.986239801765e-03 
       4.638063932382e+01       1.957967161105e-03 
       4.670204247825e+01       1.930060835248e-03 
       4.702344563268e+01       1.902523354018e-03 
       4.734484878712e+01       1.875399436927e-03 
       4.766625194156e+01       1.848722484131e-03 
       4.798765509600e+01       1.822520824690e-03 
       4.830905825044e+01       1.796840385019e-03 
       4.863046140488e+01       1.771745703651e-03 
       4.895186455933e+01       1.747271240253e-03 
       4.927326771377e+01       1.723441751919e-03 
       4.959467086822e+01       1.700247976784e-03 
       4.991607402267e+01       1.677645114918e-03 
       5.023747717712e+01       1.655576979507e-03 
       5.055888033158e+01       1.633990811983e-03 
       5.088028348603e+01       1.612833106053e-03 
       5.120168664049e+01       1.592068324134e-03 
       5.152308979495e+01       1.571667040172e-03 
       5.184449294941e+01       1.551611009439e-03 
       5.216589610387e+01       1.531856822201e-03 
       5.248729925833e+01       1.512385327063e-03 
       5.280870241280e+01       1.493167176323e-03 
       5.313010556726e+01       1.474191753658e-03 
       5.345150872173e+01       1.455476503511e-03 
       5.377291187620e+01       1.437042362110e-03 
       5.409431503067e+01       1.418909247986e-03 
       5.441571818514e+01       1.401106794910e-03 
       5.473712133961e+01       1.383639130845e-03 
       5.505852449408e+01       1.366498992431e-03 
       5.537992764856e+01       1.349680138783e-03 
       5.570133080303e+01       1.333171071680e-03 
       5.602273395751e+01       1.316966753388e-03 
       5.634413711199e+01       1.301077170941e-03 
       5.666554026647e+01       1.285497333243e-03 
       5.698694342095e+01       1.270214645330e-03 
       5.730834657543e+01       1.255221970075e-03 
       5.762974972992e+01       1.240494747184e-03 
       5.795115288440e+01       1.226000084772e-03 
       5.827255603888e+01       1.211732237564e-03 
       5.859395919337e+01       1.197668465151e-03 
       5.891536234786e+01       1.183817467314e-03 
       5.923676550235e+01       1.170179761514e-03 
       5.955816865684e+01       1.156756459668e-03 
       5.987957181133e+01       1.143532033926e-03 
       6.020097496582e+01       1.130506194607e-03 
       6.052237812031e+01       1.117665632973e-03 
       6.084378127480e+01       1.105008119159e-03 
       6.116518442930e+01       1.092537119350e-03 
       6.148658758379e+01       1.080256053275e-03 
       6.180799073829e+01       1.068183496072e-03 
       6.212939389278e+01       1.056319000910e-03 
       6.245079704728e+01       1.044654758411e-03 
       6.277220020178e+01       1.033188937933e-03 
       6.309360335628e+01       1.021900893879e-03 
       6.341500651078e+01       1.010789876163e-03 
       6.373640966528e+01       9.998449938185e-04 
       6.405781281978e+01       9.890774490817e-04 
       6.437921597429e+01       9.784768757232e-04 
       6.470061912879e+01       9.680493715562e-04 
       6.502202228329e+01       9.577832386819e-04 
       6.534342543780e+01       9.476598153251e-04 
       6.566482859230e+01       9.376827738944e-04 
       6.598623174681e+01       9.278300332424e-04 
