# Matter power spectrum P(k) at redshift z=0
# for k=0.00078201 to 65.9862 h/Mpc,
# number of wavenumbers equal to 534
#    1:k (h/Mpc)              2:P (Mpc/h)^3        
       7.820102012578e-04       1.273734141166e-04 
       6.177360275688e-03       1.006058682253e-03 
       1.871945752581e-02       3.045989955745e-03 
       3.155334140463e-02       5.125293187384e-03 
       4.441124866389e-02       7.196037023523e-03 
       5.727585304391e-02       9.252381684853e-03 
       7.014336423471e-02       1.129161764107e-02 
       8.301249352745e-02       1.331195707555e-02 
       9.588268769108e-02       1.531200248986e-02 
       1.087536724518e-01       1.729062854428e-02 
       1.216252982060e-01       1.924694613884e-02 
       1.344974778975e-01       2.118024840699e-02 
       1.473701586863e-01       2.308973479377e-02 
       1.602433077583e-01       2.497513199156e-02 
       1.731169046802e-01       2.683609527882e-02 
       1.859909370292e-01       2.867234849328e-02 
       1.988653977726e-01       3.048366996825e-02 
       2.117402836307e-01       3.226991434396e-02 
       2.246155940197e-01       3.403098256662e-02 
       2.374913303473e-01       3.576682008434e-02 
       2.503674955324e-01       3.747743667961e-02 
       2.632440936702e-01       3.916284301237e-02 
       2.761211297932e-01       4.082310958539e-02 
       2.889986096997e-01       4.245833621727e-02 
       3.018765398269e-01       4.406863365559e-02 
       3.147549271572e-01       4.565413845521e-02 
       3.276337791480e-01       4.721500796545e-02 
       3.405131036783e-01       4.875140931207e-02 
       3.533929090084e-01       5.026368224053e-02 
       3.662732037488e-01       5.175178403001e-02 
       3.791539968367e-01       5.321588653008e-02 
       3.920352975180e-01       5.465628139442e-02 
       4.049171153335e-01       5.607322817901e-02 
       4.177994601087e-01       5.746684445918e-02 
       4.306823419461e-01       5.883744126009e-02 
       4.435657712201e-01       6.018520637761e-02 
       4.564497585730e-01       6.151038098357e-02 
       4.693343149132e-01       6.281319119637e-02 
       4.822194514138e-01       6.409385506755e-02 
       4.951051795129e-01       6.535260889618e-02 
       5.079915109142e-01       6.658967777823e-02 
       5.208784575887e-01       6.780532693318e-02 
       5.337660317764e-01       6.899979515727e-02 
       5.466542459894e-01       7.017325987540e-02 
       5.595431130147e-01       7.132603021115e-02 
       5.724326459177e-01       7.245826888099e-02 
       5.853228580461e-01       7.357025369215e-02 
       5.982137630342e-01       7.466219817033e-02 
       6.111053748070e-01       7.573434915274e-02 
       6.239977075850e-01       7.678690344503e-02 
       6.368907758896e-01       7.782009168561e-02 
       6.497845945479e-01       7.883409746954e-02 
       6.626791786980e-01       7.982920708868e-02 
       6.755745437953e-01       8.080561305729e-02 
       6.884707056176e-01       8.176349588688e-02 
       7.013676802716e-01       8.270312764274e-02 
       7.142654841992e-01       8.362467350964e-02 
       7.271641341836e-01       8.452832607586e-02 
       7.400636473562e-01       8.541433081077e-02 
       7.529640412033e-01       8.628292492494e-02 
       7.658653335731e-01       8.713423332925e-02 
       7.787675426830e-01       8.796850705859e-02 
       7.916706871266e-01       8.878594164015e-02 
       8.045747858818e-01       8.958668704139e-02 
       8.174798583180e-01       9.037094469129e-02 
       8.303859242045e-01       9.113894989810e-02 
       8.432930037180e-01       9.189087505392e-02 
       8.562011174517e-01       9.262689047610e-02 
       8.691102864229e-01       9.334714001543e-02 
       8.820205320825e-01       9.405184911204e-02 
       8.949318763233e-01       9.474120262895e-02 
       9.078443414894e-01       9.541530470270e-02 
       9.207579503854e-01       9.607447013461e-02 
       9.336727262858e-01       9.671875568380e-02 
       9.465886929450e-01       9.734835461212e-02 
       9.595058746069e-01       9.796345705030e-02 
       9.724242960154e-01       9.856424375566e-02 
       9.853439824245e-01       9.915081502306e-02 
       9.982649596088e-01       9.972336757247e-02 
       1.011187253875e+00       1.002820426010e-01 
       1.024110892072e+00       1.008270090547e-01 
       1.037035901604e+00       1.013584965415e-01 
       1.049962310438e+00       1.018765813654e-01 
       1.062890147123e+00       1.023814078095e-01 
       1.075819440793e+00       1.028731980037e-01 
       1.088750221187e+00       1.033519679638e-01 
       1.101682518658e+00       1.038179983154e-01 
       1.114616364186e+00       1.042713509605e-01 
       1.127551789391e+00       1.047122409695e-01 
       1.140488826550e+00       1.051407567639e-01 
       1.153427508605e+00       1.055570423699e-01 
       1.166367869181e+00       1.059612577514e-01 
       1.179309942602e+00       1.063535573351e-01 
       1.192253763901e+00       1.067340495463e-01 
       1.205199368836e+00       1.071028971935e-01 
       1.218146793911e+00       1.074601681589e-01 
       1.231096076385e+00       1.078060745144e-01 
       1.244047254289e+00       1.081407221967e-01 
       1.257000366448e+00       1.084642607780e-01 
       1.269955452491e+00       1.087767698348e-01 
       1.282912552873e+00       1.090783814817e-01 
       1.295871708890e+00       1.093692752427e-01 
       1.308832962698e+00       1.096495152814e-01 
       1.321796357330e+00       1.099192763469e-01 
       1.334761936718e+00       1.101786328439e-01 
       1.347729745709e+00       1.104277514318e-01 
       1.360699830086e+00       1.106667260398e-01 
       1.373672236589e+00       1.108956905796e-01 
       1.386647012933e+00       1.111147094575e-01 
       1.399624207833e+00       1.113240066898e-01 
       1.412603871022e+00       1.115236365563e-01 
       1.425586053273e+00       1.117136954651e-01 
       1.438570806425e+00       1.118943846180e-01 
       1.451558183402e+00       1.120657653168e-01 
       1.464548238241e+00       1.122279531793e-01 
       1.477541026112e+00       1.123810260630e-01 
       1.490536603345e+00       1.125251496864e-01 
       1.503535027453e+00       1.126604022421e-01 
       1.516536357161e+00       1.127869309278e-01 
       1.529540652431e+00       1.129047849502e-01 
       1.542547974489e+00       1.130140688912e-01 
       1.555558385853e+00       1.131149391975e-01 
       1.568571950360e+00       1.132074664662e-01 
       1.581588733198e+00       1.132917453717e-01 
       1.594608800932e+00       1.133679922696e-01 
       1.607632221538e+00       1.134361529457e-01 
       1.620659064432e+00       1.134964428854e-01 
       1.633689400503e+00       1.135488969738e-01 
       1.646723302145e+00       1.135936634044e-01 
       1.659760843290e+00       1.136307824178e-01 
       1.672802099443e+00       1.136604733934e-01 
       1.685847147719e+00       1.136827752361e-01 
       1.698896066876e+00       1.136976979595e-01 
       1.711948937350e+00       1.137053751555e-01 
       1.725005841301e+00       1.137060371939e-01 
       1.738066862642e+00       1.136996576799e-01 
       1.751132087085e+00       1.136863855871e-01 
       1.764201602178e+00       1.136662546347e-01 
       1.777275497349e+00       1.136393401303e-01 
       1.790353863947e+00       1.136059011104e-01 
       1.803436795288e+00       1.135658192579e-01 
       1.816524386696e+00       1.135193572034e-01 
       1.829616735553e+00       1.134664869288e-01 
       1.842713941342e+00       1.134073980959e-01 
       1.855816105698e+00       1.133421680729e-01 
       1.868923332458e+00       1.132707738813e-01 
       1.882035727708e+00       1.131934883833e-01 
       1.895153399841e+00       1.131102371470e-01 
       1.908276459603e+00       1.130211990999e-01 
       1.921405020155e+00       1.129262980536e-01 
       1.934539197123e+00       1.128258428012e-01 
       1.947679108659e+00       1.127198188227e-01 
       1.960824875501e+00       1.126082959716e-01 
       1.973976621030e+00       1.124914796439e-01 
       1.987134471335e+00       1.123693430637e-01 
       2.000298555277e+00       1.122419227459e-01 
       2.013469004553e+00       1.121093931313e-01 
       2.026645953762e+00       1.119717220660e-01 
       2.039829540481e+00       1.118292089301e-01 
       2.053019905326e+00       1.116817611839e-01 
       2.066217192033e+00       1.115295159441e-01 
       2.079421547529e+00       1.113724161083e-01 
       2.092633122011e+00       1.112108065257e-01 
       2.105852069021e+00       1.110445543902e-01 
       2.119078545532e+00       1.108740160795e-01 
       2.132312712028e+00       1.106987529256e-01 
       2.145554732594e+00       1.105191617252e-01 
       2.158804774998e+00       1.103354422758e-01 
       2.172063010786e+00       1.101474724781e-01 
       2.185329615373e+00       1.099554760304e-01 
       2.198604768140e+00       1.097594632634e-01 
       2.211888652534e+00       1.095592434625e-01 
       2.225181456166e+00       1.093552682371e-01 
       2.238483370915e+00       1.091474979410e-01 
       2.251794593039e+00       1.089360633210e-01 
       2.265115323282e+00       1.087208410290e-01 
       2.278445766991e+00       1.085017904803e-01 
       2.291786134228e+00       1.082796321693e-01 
       2.305136639893e+00       1.080536165066e-01 
       2.318497503850e+00       1.078244067174e-01 
       2.331868951052e+00       1.075919193973e-01 
       2.345251211671e+00       1.073560063119e-01 
       2.358644521236e+00       1.071170492520e-01 
       2.372049120774e+00       1.068748425893e-01 
       2.385465256950e+00       1.066296893989e-01 
       2.398893182215e+00       1.063815293365e-01 
       2.412333154964e+00       1.061302308824e-01 
       2.425785439687e+00       1.058762406664e-01 
       2.439250307137e+00       1.056193725619e-01 
       2.452728034494e+00       1.053596214221e-01 
       2.466218905538e+00       1.050973747945e-01 
       2.479723210830e+00       1.048325894871e-01 
       2.493241247893e+00       1.045649387315e-01 
       2.506773321403e+00       1.042947638982e-01 
       2.520319743387e+00       1.040225169722e-01 
       2.533880833423e+00       1.037475714471e-01 
       2.547456918850e+00       1.034704741045e-01 
       2.561048334985e+00       1.031908875736e-01 
       2.574655425347e+00       1.029093553004e-01 
       2.588278541885e+00       1.026254040688e-01 
       2.601918045219e+00       1.023396213695e-01 
       2.615574304885e+00       1.020513191360e-01 
       2.629247699594e+00       1.017616071595e-01 
       2.642938617491e+00       1.014696931871e-01 
       2.656647456431e+00       1.011757150919e-01 
       2.670374624262e+00       1.008801680347e-01 
       2.684120539116e+00       1.005826370464e-01 
       2.697885629714e+00       1.002834472356e-01 
       2.711670335678e+00       9.998267623834e-02 
       2.725475107857e+00       9.967998639908e-02 
       2.739300408665e+00       9.937595065121e-02 
       2.753146712429e+00       9.907053815476e-02 
       2.767014505749e+00       9.876306561465e-02 
       2.780904287880e+00       9.845456835144e-02 
       2.794816571112e+00       9.814448313471e-02 
       2.808751881185e+00       9.783317254829e-02 
       2.822710757698e+00       9.752050911718e-02 
       2.836693754554e+00       9.720665010076e-02 
       2.850701440403e+00       9.689106884951e-02 
       2.864734399122e+00       9.657496128659e-02 
       2.878793230292e+00       9.625754060491e-02 
       2.892878549716e+00       9.593869607054e-02 
       2.906990989939e+00       9.561918349242e-02 
       2.921131200800e+00       9.529833822554e-02 
       2.935299850004e+00       9.497690319304e-02 
       2.949497623713e+00       9.465421222575e-02 
       2.963725227168e+00       9.433084228571e-02 
       2.977983385328e+00       9.400644750812e-02 
       2.992272843548e+00       9.368095115515e-02 
       3.006594368274e+00       9.335521424777e-02 
       3.020948747773e+00       9.302840707879e-02 
       3.035336792892e+00       9.270062317351e-02 
       3.049759337854e+00       9.237260523878e-02 
       3.064217241083e+00       9.204395439300e-02 
       3.078711386072e+00       9.171412448429e-02 
       3.093242682279e+00       9.138428274064e-02 
       3.107812066077e+00       9.105358126380e-02 
       3.122420501736e+00       9.072243662904e-02 
       3.137068982453e+00       9.039075217567e-02 
       3.151758531434e+00       9.005870000046e-02 
       3.166490203015e+00       8.972579631663e-02 
       3.181265083851e+00       8.939300287924e-02 
       3.196084294147e+00       8.905947344805e-02 
       3.210948988958e+00       8.872596421218e-02 
       3.225860359545e+00       8.839166313108e-02 
       3.240819634801e+00       8.805716802809e-02 
       3.255828082745e+00       8.772261198281e-02 
       3.270887012093e+00       8.738750805570e-02 
       3.285997773905e+00       8.705223821045e-02 
       3.301161763317e+00       8.671675994087e-02 
       3.316380421359e+00       8.638103511491e-02 
       3.331655236876e+00       8.604532308543e-02 
       3.346987748533e+00       8.570912489400e-02 
       3.362379546946e+00       8.537309434638e-02 
       3.377832276909e+00       8.503657669058e-02 
       3.393347639752e+00       8.470026903089e-02 
       3.408927395825e+00       8.436385934956e-02 
       3.424573367118e+00       8.402712711527e-02 
       3.440287440025e+00       8.369055375128e-02 
       3.456071568268e+00       8.335374033697e-02 
       3.471927775990e+00       8.301706754605e-02 
       3.487858161013e+00       8.268042920133e-02 
       3.503864898303e+00       8.234358524074e-02 
       3.519950243629e+00       8.200688021909e-02 
       3.536116537441e+00       8.166996776967e-02 
       3.552366208987e+00       8.133342914062e-02 
       3.568701780676e+00       8.099655655315e-02 
       3.585125872713e+00       8.066009732398e-02 
       3.601641208026e+00       8.032348528074e-02 
       3.618250617502e+00       7.998704740026e-02 
       3.634957045559e+00       7.965034642519e-02 
       3.651763556084e+00       7.931378107549e-02 
       3.668673338755e+00       7.897769795871e-02 
       3.685689715790e+00       7.864133020270e-02 
       3.702816149147e+00       7.830514713242e-02 
       3.720056248221e+00       7.796891971447e-02 
       3.737413778070e+00       7.763270897743e-02 
       3.754892668222e+00       7.729659885045e-02 
       3.772497022105e+00       7.696058665888e-02 
       3.790231127164e+00       7.662489133105e-02 
       3.808099465712e+00       7.628885090833e-02 
       3.826106726589e+00       7.595317269989e-02 
       3.844257817703e+00       7.561721726999e-02 
       3.862557879521e+00       7.528159627188e-02 
       3.881012299614e+00       7.494561118006e-02 
       3.899626728343e+00       7.460992630712e-02 
       3.918407095798e+00       7.427426712161e-02 
       3.937359630114e+00       7.393858001585e-02 
       3.956490877292e+00       7.360282355495e-02 
       3.975807722686e+00       7.326707021779e-02 
       3.995317414309e+00       7.293102894771e-02 
       4.015027588163e+00       7.259508825239e-02 
       4.034946295787e+00       7.225923303226e-02 
       4.055082034277e+00       7.192291340177e-02 
       4.075443779022e+00       7.158644743500e-02 
       4.096041019477e+00       7.125003321592e-02 
       4.116883798302e+00       7.091334210042e-02 
       4.137982754244e+00       7.057633808168e-02 
       4.159349169210e+00       7.023902291451e-02 
       4.180995020009e+00       6.990130729421e-02 
       4.202933035339e+00       6.956345366648e-02 
       4.225176758645e+00       6.922493963316e-02 
       4.247740617597e+00       6.888629888133e-02 
       4.270640001006e+00       6.854702972552e-02 
       4.293891344173e+00       6.820736863280e-02 
       4.317512223750e+00       6.786675908805e-02 
       4.341521463429e+00       6.752554334619e-02 
       4.365939251925e+00       6.718376287472e-02 
       4.390787274995e+00       6.684123964018e-02 
       4.416088863501e+00       6.649778032630e-02 
       4.441869159878e+00       6.615340154879e-02 
       4.468155305762e+00       6.580815223484e-02 
       4.494976654025e+00       6.546134008778e-02 
       4.522365009043e+00       6.511362970580e-02 
       4.550354899746e+00       6.476468113549e-02 
       4.578983890811e+00       6.441401130533e-02 
       4.608292938443e+00       6.406185953720e-02 
       4.638326798428e+00       6.370805664963e-02 
       4.669134495690e+00       6.335243242700e-02 
       4.700769866502e+00       6.299493803666e-02 
       4.733292186857e+00       6.263518429160e-02 
       4.766766903418e+00       6.227274732540e-02 
       4.801266487105e+00       6.190811666781e-02 
       4.836871433954e+00       6.154033512719e-02 
       4.873671443559e+00       6.116962874497e-02 
       4.911766812659e+00       6.079541815319e-02 
       4.951270090522e+00       6.041743737943e-02 
       4.992308054370e+00       6.003534920934e-02 
       5.035024077818e+00       5.964891688774e-02 
       5.079580984077e+00       5.925726746272e-02 
       5.126164499598e+00       5.886006519102e-02 
       5.174987454294e+00       5.845663836104e-02 
       5.226294913037e+00       5.804608076257e-02 
       5.280370471438e+00       5.762750903949e-02 
       5.337544008422e+00       5.720014606523e-02 
       5.398201259086e+00       5.676220966101e-02 
       5.462795651074e+00       5.631222060120e-02 
       5.531862926926e+00       5.584819529037e-02 
       5.606039129929e+00       5.536762284967e-02 
       5.686082509757e+00       5.486731941028e-02 
       5.772899698561e+00       5.434269466986e-02 
       5.867575906835e+00       5.378861108501e-02 
       5.971407499261e+00       5.319762411444e-02 
       6.085932460485e+00       5.256009521787e-02 
       6.212948935592e+00       5.186263283118e-02 
       6.354503111415e+00       5.108785611664e-02 
       6.512815170715e+00       5.021272988558e-02 
       6.690100348982e+00       4.920810075092e-02 
       6.888246131535e+00       4.804000468583e-02 
       7.108354170165e+00       4.667389847553e-02 
       7.350265813691e+00       4.508285241104e-02 
       7.612312217439e+00       4.325962812114e-02 
       7.891512858367e+00       4.122666710014e-02 
       8.184198079627e+00       3.903856479064e-02 
       8.486745190689e+00       3.677464925677e-02 
       8.796094578124e+00       3.452474469348e-02 
       9.109935514855e+00       3.237444223425e-02 
       9.426653313233e+00       3.039356587735e-02 
       9.745176853580e+00       2.863034290311e-02 
       1.006481916954e+01       2.710924549616e-02 
       1.038514899086e+01       2.583268814080e-02 
       1.070589915545e+01       2.478442982162e-02 
       1.102690551815e+01       2.393393290251e-02 
       1.134806773494e+01       2.324055007872e-02 
       1.166932465279e+01       2.265832870576e-02 
       1.199063907274e+01       2.214007662350e-02 
       1.231198839272e+01       2.164177723712e-02 
       1.263335888922e+01       2.112605229557e-02 
       1.295474223312e+01       2.056576019591e-02 
       1.327613337054e+01       1.994524270363e-02 
       1.359752923544e+01       1.926128124863e-02 
       1.391892796788e+01       1.852164817867e-02 
       1.424032843965e+01       1.774297298281e-02 
       1.456172996644e+01       1.694744140837e-02 
       1.488313213315e+01       1.615950011290e-02 
       1.520453468803e+01       1.540218014947e-02 
       1.552593747836e+01       1.469606135859e-02 
       1.584734041152e+01       1.405567390985e-02 
       1.616874343133e+01       1.348983437012e-02 
       1.649014650372e+01       1.300109875296e-02 
       1.681154960801e+01       1.258646471568e-02 
       1.713295273166e+01       1.223812601990e-02 
       1.745435586708e+01       1.194481547016e-02 
       1.777575900965e+01       1.169199103149e-02 
       1.809716215657e+01       1.146585371004e-02 
       1.841856530613e+01       1.125328392794e-02 
       1.873996845732e+01       1.104149348124e-02 
       1.906137160950e+01       1.081844721456e-02 
       1.938277476230e+01       1.057696582154e-02 
       1.970417791548e+01       1.031359462588e-02 
       2.002558106890e+01       1.002884001054e-02 
       2.034698422248e+01       9.726736491457e-03 
       2.066838737616e+01       9.413736506039e-03 
       2.098979052991e+01       9.097431144073e-03 
       2.131119368372e+01       8.786044608446e-03 
       2.163259683756e+01       8.486429664852e-03 
       2.195399999144e+01       8.204188326839e-03 
       2.227540314534e+01       7.943626266788e-03 
       2.259680629927e+01       7.706829892703e-03 
       2.291820945322e+01       7.495079533893e-03 
       2.323961260718e+01       7.307151448972e-03 
       2.356101576117e+01       7.141355309337e-03 
       2.388241891517e+01       6.994066440802e-03 
       2.420382206918e+01       6.861202610845e-03 
       2.452522522321e+01       6.737829777473e-03 
       2.484662837726e+01       6.619393132566e-03 
       2.516803153132e+01       6.501872793784e-03 
       2.548943468539e+01       6.381860969360e-03 
       2.581083783948e+01       6.257430887299e-03 
       2.613224099357e+01       6.127519539030e-03 
       2.645364414768e+01       5.992124508354e-03 
       2.677504730181e+01       5.852021281578e-03 
       2.709645045594e+01       5.708790358191e-03 
       2.741785361008e+01       5.564431713009e-03 
       2.773925676423e+01       5.421344082472e-03 
       2.806065991840e+01       5.281909403524e-03 
       2.838206307257e+01       5.148324223372e-03 
       2.870346622675e+01       5.022266290613e-03 
       2.902486938094e+01       4.904797408157e-03 
       2.934627253514e+01       4.796253204504e-03 
       2.966767568935e+01       4.696391262365e-03 
       2.998907884356e+01       4.604345548065e-03 
       3.031048199779e+01       4.519021897722e-03 
       3.063188515202e+01       4.439080942614e-03 
       3.095328830625e+01       4.363207664239e-03 
       3.127469146050e+01       4.290055108326e-03 
       3.159609461475e+01       4.218320889932e-03 
       3.191749776901e+01       4.146904467166e-03 
       3.223890092327e+01       4.074961311600e-03 
       3.256030407755e+01       4.001971727844e-03 
       3.288170723182e+01       3.927786527797e-03 
       3.320311038611e+01       3.852649213282e-03 
       3.352451354040e+01       3.777044093133e-03 
       3.384591669469e+01       3.701629719842e-03 
       3.416731984899e+01       3.627113686835e-03 
       3.448872300330e+01       3.554153025720e-03 
       3.481012615761e+01       3.483308350467e-03 
       3.513152931192e+01       3.415066102539e-03 
       3.545293246624e+01       3.349769275923e-03 
       3.577433562057e+01       3.287643367158e-03 
       3.609573877490e+01       3.228750678459e-03 
       3.641714192923e+01       3.172971518992e-03 
       3.673854508357e+01       3.120036764734e-03 
       3.705994823791e+01       3.069510161846e-03 
       3.738135139226e+01       3.020891783819e-03 
       3.770275454661e+01       2.973684251439e-03 
       3.802415770096e+01       2.927451877013e-03 
       3.834556085532e+01       2.881836009100e-03 
       3.866696400968e+01       2.836633147015e-03 
       3.898836716405e+01       2.791706221559e-03 
       3.930977031842e+01       2.746983978309e-03 
       3.963117347279e+01       2.702454178327e-03 
       3.995257662717e+01       2.658168435895e-03 
       4.027397978155e+01       2.614235490870e-03 
       4.059538293593e+01       2.570825031731e-03 
       4.091678609032e+01       2.528149351765e-03 
       4.123818924471e+01       2.486412601706e-03 
       4.155959239910e+01       2.445774098207e-03 
       4.188099555349e+01       2.406362109805e-03 
       4.220239870789e+01       2.368214804067e-03 
       4.252380186229e+01       2.331296520199e-03 
       4.284520501669e+01       2.295619744926e-03 
       4.316660817110e+01       2.261067091222e-03 
       4.348801132551e+01       2.227590652557e-03 
       4.380941447992e+01       2.195116651443e-03 
       4.413081763433e+01       2.163544862524e-03 
       4.445222078875e+01       2.132748911893e-03 
       4.477362394316e+01       2.102593773459e-03 
       4.509502709759e+01       2.072955322347e-03 
       4.541643025201e+01       2.043703873917e-03 
       4.573783340643e+01       2.014793809769e-03 
       4.605923656086e+01       1.986199487964e-03 
       4.638063971529e+01       1.957936314640e-03 
       4.670204286972e+01       1.930016354317e-03 
       4.702344602415e+01       1.902487881801e-03 
       4.734484917859e+01       1.875368320230e-03 
       4.766625233303e+01       1.848684874755e-03 
       4.798765548747e+01       1.822479507303e-03 
       4.830905864191e+01       1.796802266067e-03 
       4.863046179635e+01       1.771713834776e-03 
       4.895186495080e+01       1.747232507914e-03 
       4.927326810524e+01       1.723402803647e-03 
       4.959467125969e+01       1.700208769573e-03 
       4.991607441414e+01       1.677606985676e-03 
       5.023747756859e+01       1.655542090699e-03 
       5.055888072305e+01       1.633956581620e-03 
       5.088028387750e+01       1.612799897764e-03 
       5.120168703196e+01       1.592035797242e-03 
       5.152309018642e+01       1.571639405394e-03 
       5.184449334088e+01       1.551578795583e-03 
       5.216589649534e+01       1.531829355741e-03 
       5.248729964980e+01       1.512354672535e-03 
       5.280870280427e+01       1.493136542527e-03 
       5.313010595873e+01       1.474163362379e-03 
       5.345150911320e+01       1.455451717675e-03 
       5.377291226767e+01       1.437012319896e-03 
       5.409431542214e+01       1.418881463847e-03 
       5.441571857661e+01       1.401077919108e-03 
       5.473712173108e+01       1.383611217996e-03 
       5.505852488555e+01       1.366474963683e-03 
       5.537992804003e+01       1.349649431265e-03 
       5.570133119450e+01       1.333141260811e-03 
       5.602273434898e+01       1.316937486846e-03 
       5.634413750346e+01       1.301051209684e-03 
       5.666554065794e+01       1.285467750058e-03 
       5.698694381242e+01       1.270188448193e-03 
       5.730834696690e+01       1.255195608182e-03 
       5.762975012139e+01       1.240466400931e-03 
       5.795115327587e+01       1.225979338017e-03 
       5.827255643035e+01       1.211708898346e-03 
       5.859395958484e+01       1.197645700898e-03 
       5.891536273933e+01       1.183796468292e-03 
       5.923676589382e+01       1.170157957870e-03 
       5.955816904831e+01       1.156728461746e-03 
       5.987957220280e+01       1.143508049141e-03 
       6.020097535729e+01       1.130483510231e-03 
       6.052237851178e+01       1.117643006034e-03 
       6.084378166627e+01       1.104984592798e-03 
       6.116518482077e+01       1.092511607857e-03 
       6.148658797526e+01       1.080233664819e-03 
       6.180799112976e+01       1.068160772376e-03 
       6.212939428425e+01       1.056295696065e-03 
       6.245079743875e+01       1.044634587682e-03 
       6.277220059325e+01       1.033166993045e-03 
       6.309360374775e+01       1.021880329577e-03 
       6.341500690225e+01       1.010767984318e-03 
       6.373641005675e+01       9.998271981472e-04 
       6.405781321125e+01       9.890562716812e-04 
       6.437921636576e+01       9.784573979588e-04 
       6.470061952026e+01       9.680276033863e-04 
       6.502202267476e+01       9.577598997800e-04 
       6.534342582927e+01       9.476403417351e-04 
       6.566482898377e+01       9.376596966139e-04 
       6.598623213828e+01       9.278111703573e-04 
