# Matter power spectrum P(k) at redshift z=0
# for k=1.08568e-05 to 1.1771 h/Mpc,
# number of wavenumbers equal to 610
#    1:k (h/Mpc)              2:P (Mpc/h)^3        
       1.085678330975e-05       4.563991445318e+01 
       2.379213079251e-05       9.733794084442e+01 
       3.677432856495e-05       1.481837378761e+02 
       4.983860554757e-05       1.986867907138e+02 
       6.302078691067e-05       2.491402013935e+02 
       7.635761621147e-05       2.997646898515e+02 
       8.988708803111e-05       3.507496176547e+02 
       1.036487955658e-04       4.022699694715e+02 
       1.176842976599e-04       4.544952162775e+02 
       1.320375098039e-04       5.075947329979e+02 
       1.467551236200e-04       5.617416514391e+02 
       1.618870592945e-04       6.171159552776e+02 
       1.774869552186e-04       6.739072024299e+02 
       1.936126986991e-04       7.323171112523e+02 
       2.103270008951e-04       7.925621092627e+02 
       2.276980179831e-04       8.548759576535e+02 
       2.458000187714e-04       9.195124533927e+02 
       2.647140963475e-04       9.867482725303e+02 
       2.845289175559e-04       1.056885884418e+03 
       3.053414988217e-04       1.130256566410e+03 
       3.272579896590e-04       1.207223360681e+03 
       3.503944357143e-04       1.288183914047e+03 
       3.748774810038e-04       1.373572956258e+03 
       4.008449538716e-04       1.463864213973e+03 
       4.284462631905e-04       1.559571334372e+03 
       4.578425110797e-04       1.661247479159e+03 
       4.892062074650e-04       1.769482968584e+03 
       5.227204529924e-04       1.884900484240e+03 
       5.585774446254e-04       2.008147120697e+03 
       5.969761590542e-04       2.139882913338e+03 
       6.381190906594e-04       2.280765169362e+03 
       6.822079714128e-04       2.431428963860e+03 
       7.294384859778e-04       2.592463692464e+03 
       7.799941172055e-04       2.764387155157e+03 
       8.340394065922e-04       2.947618380895e+03 
       8.917130702119e-04       3.142451624570e+03 
       9.531215404623e-04       3.349034004553e+03 
       1.018333569072e-03       3.567349295947e+03 
       1.087376494127e-03       3.797209913861e+03 
       1.160234629679e-03       4.038258773140e+03 
       1.236849996716e-03       4.289980308379e+03 
       1.317125324143e-03       4.551720582433e+03 
       1.400928970741e-03       4.822713048538e+03 
       1.488101212946e-03       5.102108882344e+03 
       1.578461245858e-03       5.389007282875e+03 
       1.671814260912e-03       5.682484358195e+03 
       1.767958069791e-03       5.981586418218e+03 
       1.866688901057e-03       6.285443417656e+03 
       1.967806163426e-03       6.593194645237e+03 
       2.071116116895e-03       6.904028582939e+03 
       2.176434503571e-03       7.217190404123e+03 
       2.283588259937e-03       7.531985991825e+03 
       2.392416466329e-03       7.847782476873e+03 
       2.502770696269e-03       8.164007450713e+03 
       2.614514917529e-03       8.480146337946e+03 
       2.727525076567e-03       8.795739124038e+03 
       2.841688474084e-03       9.110376669819e+03 
       2.956903016007e-03       9.423695754721e+03 
       3.073076403103e-03       9.735376580892e+03 
       3.190125304774e-03       1.004513702130e+04 
       3.307974548406e-03       1.035273037533e+04 
       3.426556344757e-03       1.065793974340e+04 
       3.545809561722e-03       1.096057798097e+04 
       3.665679052925e-03       1.126048019919e+04 
       3.786115043510e-03       1.155750486026e+04 
       3.907072572661e-03       1.185152965888e+04 
       4.028510990679e-03       1.214245056729e+04 
       4.150393507277e-03       1.243017674984e+04 
       4.272686787274e-03       1.271463112051e+04 
       4.395360589567e-03       1.299574970288e+04 
       4.518387445315e-03       1.327348062433e+04 
       4.641742371399e-03       1.354777822039e+04 
       4.765402615450e-03       1.381860497518e+04 
       4.889347429030e-03       1.408593270551e+04 
       5.013557865857e-03       1.434973472480e+04 
       5.138016602243e-03       1.461000326830e+04 
       5.262707777226e-03       1.486673754028e+04 
       5.387616850147e-03       1.511990512024e+04 
       5.512730473643e-03       1.536952440556e+04 
       5.638036380315e-03       1.561559034438e+04 
       5.763523281469e-03       1.585810458854e+04 
       5.889180776565e-03       1.609708047798e+04 
       6.014999272136e-03       1.633253020571e+04 
       6.140969909120e-03       1.656446269423e+04 
       6.267084497631e-03       1.679290567450e+04 
       6.393335458356e-03       1.701790902624e+04 
       6.519715769829e-03       1.723940431915e+04 
       6.646218920937e-03       1.745739650119e+04 
       6.772838868081e-03       1.767205325360e+04 
       6.899569996497e-03       1.788331607208e+04 
       7.026407085286e-03       1.809114865502e+04 
       7.153345275744e-03       1.829557696812e+04 
       7.280380042679e-03       1.849665382050e+04 
       7.407507168361e-03       1.869451216925e+04 
       7.534722718874e-03       1.888910046454e+04 
       7.662023022592e-03       1.908043909021e+04 
       7.789404650590e-03       1.926855316096e+04 
       7.916864398777e-03       1.945346938891e+04 
       8.044399271597e-03       1.963521435914e+04 
       8.172006467133e-03       1.981382754608e+04 
       8.299683363486e-03       1.998933530081e+04 
       8.427427506303e-03       2.016174594358e+04 
       8.555236597349e-03       2.033111402670e+04 
       8.683108484018e-03       2.049743604927e+04 
       8.811041149711e-03       2.066077543919e+04 
       8.939032704984e-03       2.082113674305e+04 
       9.067081379410e-03       2.097854571797e+04 
       9.195185514082e-03       2.113303959922e+04 
       9.323343554711e-03       2.128467112863e+04 
       9.451554045253e-03       2.143343878281e+04 
       9.579815622034e-03       2.157937900612e+04 
       9.708127008317e-03       2.172247052063e+04 
       9.836487009285e-03       2.186285512382e+04 
       9.964894507400e-03       2.200046807385e+04 
       1.009334845811e-02       2.213535603540e+04 
       1.022184788584e-02       2.226756183732e+04 
       1.035039188037e-02       2.239707267708e+04 
       1.047897959334e-02       2.252396919103e+04 
       1.060761023512e-02       2.264825281623e+04 
       1.073628307186e-02       2.276993982033e+04 
       1.086499742275e-02       2.288906889079e+04 
       1.099375265750e-02       2.300565333451e+04 
       1.112254819393e-02       2.311975062810e+04 
       1.125138349584e-02       2.323135930875e+04 
       1.138025807093e-02       2.334052463336e+04 
       1.150917146891e-02       2.344725515296e+04 
       1.163812327974e-02       2.355156446549e+04 
       1.176711313200e-02       2.365350766779e+04 
       1.189614069134e-02       2.375308530703e+04 
       1.202520565907e-02       2.385034464786e+04 
       1.215430777087e-02       2.394531012366e+04 
       1.228344679551e-02       2.403795739977e+04 
       1.241262253374e-02       2.412839161625e+04 
       1.254183481724e-02       2.421657276362e+04 
       1.267108350762e-02       2.430254560778e+04 
       1.280036849549e-02       2.438632178774e+04 
       1.292968969968e-02       2.446794136005e+04 
       1.305904706635e-02       2.454742964851e+04 
       1.318844056838e-02       2.462479486994e+04 
       1.331787020461e-02       2.470008327982e+04 
       1.344733599928e-02       2.477328866149e+04 
       1.357683800143e-02       2.484443035815e+04 
       1.370637628438e-02       2.491356528880e+04 
       1.383595094527e-02       2.498069533796e+04 
       1.396556210461e-02       2.504582143525e+04 
       1.409520990586e-02       2.510901789823e+04 
       1.422489451512e-02       2.517024905303e+04 
       1.435461612077e-02       2.522958452128e+04 
       1.448437493316e-02       2.528701806458e+04 
       1.461417118439e-02       2.534257853242e+04 
       1.474400512808e-02       2.539627053901e+04 
       1.487387703912e-02       2.544814732411e+04 
       1.500378721355e-02       2.549818959797e+04 
       1.513373596841e-02       2.554647716786e+04 
       1.526372364157e-02       2.559298199364e+04 
       1.539375059171e-02       2.563770311287e+04 
       1.552381719818e-02       2.568072181593e+04 
       1.565392386100e-02       2.572205668794e+04 
       1.578407100081e-02       2.576165839380e+04 
       1.591425905888e-02       2.579957189018e+04 
       1.604448849712e-02       2.583587380730e+04 
       1.617475979810e-02       2.587054787413e+04 
       1.630507346514e-02       2.590357293359e+04 
       1.643543002237e-02       2.593499674240e+04 
       1.656583001482e-02       2.596487005282e+04 
       1.669627400853e-02       2.599316841672e+04 
       1.682676259071e-02       2.601992881161e+04 
       1.695729636987e-02       2.604516619304e+04 
       1.708787597596e-02       2.606893632355e+04 
       1.721850206061e-02       2.609118095433e+04 
       1.734917529730e-02       2.611198696173e+04 
       1.747989638157e-02       2.613132388485e+04 
       1.761066603129e-02       2.614925807481e+04 
       1.774148498688e-02       2.616577714681e+04 
       1.787235401157e-02       2.618090842997e+04 
       1.800327389175e-02       2.619462986717e+04 
       1.813424543719e-02       2.620701783176e+04 
       1.826526948141e-02       2.621807526334e+04 
       1.839634688202e-02       2.622778760445e+04 
       1.852747852104e-02       2.623617340335e+04 
       1.865866530527e-02       2.624331055564e+04 
       1.878990816673e-02       2.624910214154e+04 
       1.892120806299e-02       2.625369975839e+04 
       1.905256597763e-02       2.625700126825e+04 
       1.918398292070e-02       2.625910325415e+04 
       1.931545992912e-02       2.626001324914e+04 
       1.944699806719e-02       2.625970945679e+04 
       1.957859842709e-02       2.625824883908e+04 
       1.971026212934e-02       2.625559608473e+04 
       1.984199032339e-02       2.625179242304e+04 
       1.997378418814e-02       2.624684766708e+04 
       2.010564493250e-02       2.624083283483e+04 
       2.023757379597e-02       2.623370217364e+04 
       2.036957204930e-02       2.622549602322e+04 
       2.050164099503e-02       2.621619316491e+04 
       2.063378196823e-02       2.620584241400e+04 
       2.076599633710e-02       2.619445867660e+04 
       2.089828550371e-02       2.618203019879e+04 
       2.103065090469e-02       2.616859083613e+04 
       2.116309401196e-02       2.615419165100e+04 
       2.129561633352e-02       2.613880160378e+04 
       2.142821941421e-02       2.612241711733e+04 
       2.156090483655e-02       2.610507177997e+04 
       2.169367422154e-02       2.608681995992e+04 
       2.182652922956e-02       2.606763188382e+04 
       2.195947156121e-02       2.604752570001e+04 
       2.209250295830e-02       2.602648961952e+04 
       2.222562520473e-02       2.600467992728e+04 
       2.235884012751e-02       2.598187882057e+04 
       2.249214959773e-02       2.595827133900e+04 
       2.262555553166e-02       2.593380321296e+04 
       2.275905989173e-02       2.590848618951e+04 
       2.289266468772e-02       2.588241639618e+04 
       2.302637197786e-02       2.585550088587e+04 
       2.316018387001e-02       2.582772079922e+04 
       2.329410252285e-02       2.579927865611e+04 
       2.342813014717e-02       2.576998101239e+04 
       2.356226900714e-02       2.573999035982e+04 
       2.369652142164e-02       2.570921080709e+04 
       2.383088976562e-02       2.567773266327e+04 
       2.396537647154e-02       2.564551894386e+04 
       2.409998403081e-02       2.561259798000e+04 
       2.423471499530e-02       2.557901864845e+04 
       2.436957197891e-02       2.554468480234e+04 
       2.450455765917e-02       2.550973333237e+04 
       2.463967477889e-02       2.547407994284e+04 
       2.477492614785e-02       2.543782702850e+04 
       2.491031464464e-02       2.540089821331e+04 
       2.504584321840e-02       2.536338724837e+04 
       2.518151489076e-02       2.532518251905e+04 
       2.531733275777e-02       2.528642510714e+04 
       2.545329999191e-02       2.524709418757e+04 
       2.558941984418e-02       2.520714142949e+04 
       2.572569564623e-02       2.516664756517e+04 
       2.586213081263e-02       2.512556900229e+04 
       2.599872884310e-02       2.508393082718e+04 
       2.613549332493e-02       2.504177735675e+04 
       2.627242793544e-02       2.499905625032e+04 
       2.640953644452e-02       2.495582838929e+04 
       2.654682271724e-02       2.491207936112e+04 
       2.668429071659e-02       2.486782706858e+04 
       2.682194450633e-02       2.482310228629e+04 
       2.695978825385e-02       2.477787495703e+04 
       2.709782623325e-02       2.473217689777e+04 
       2.723606282844e-02       2.468603218168e+04 
       2.737450253641e-02       2.463945782493e+04 
       2.751314997058e-02       2.459236145171e+04 
       2.765200986430e-02       2.454487658243e+04 
       2.779108707445e-02       2.449702699667e+04 
       2.793038658522e-02       2.444858343645e+04 
       2.806991351200e-02       2.439977198485e+04 
       2.820967310540e-02       2.435061984520e+04 
       2.834967075544e-02       2.430103477441e+04 
       2.848991199597e-02       2.425108692488e+04 
       2.863040250910e-02       2.420073672151e+04 
       2.877114812998e-02       2.415003763207e+04 
       2.891215485164e-02       2.409898946619e+04 
       2.905342883007e-02       2.404755656876e+04 
       2.919497638952e-02       2.399578072711e+04 
       2.933680402798e-02       2.394364667028e+04 
       2.947891842291e-02       2.389119026461e+04 
       2.962132643714e-02       2.383841587018e+04 
       2.976403512514e-02       2.378529161185e+04 
       2.990705173937e-02       2.373186324818e+04 
       3.005038373711e-02       2.367812980615e+04 
       3.019403878736e-02       2.362409098712e+04 
       3.033802477822e-02       2.356976512755e+04 
       3.048234982444e-02       2.351515328245e+04 
       3.062702227541e-02       2.346025433101e+04 
       3.077205072342e-02       2.340506798985e+04 
       3.091744401234e-02       2.334964252069e+04 
       3.106321124661e-02       2.329390021313e+04 
       3.120936180076e-02       2.323796726995e+04 
       3.135590532921e-02       2.318170869835e+04 
       3.150285177663e-02       2.312525111664e+04 
       3.165021138872e-02       2.306852768242e+04 
       3.179799472352e-02       2.301153431621e+04 
       3.194621266324e-02       2.295436069356e+04 
       3.209487642662e-02       2.289691554154e+04 
       3.224399758196e-02       2.283929940340e+04 
       3.239358806070e-02       2.278141012350e+04 
       3.254366017167e-02       2.272330646757e+04 
       3.269422661611e-02       2.266499275594e+04 
       3.284530050336e-02       2.260654064793e+04 
       3.299689536737e-02       2.254780035380e+04 
       3.314902518406e-02       2.248887988414e+04 
       3.330170438952e-02       2.242974036788e+04 
       3.345494789921e-02       2.237044902679e+04 
       3.360877112816e-02       2.231093736049e+04 
       3.376319001214e-02       2.225127541631e+04 
       3.391822103014e-02       2.219139661194e+04 
       3.407388122786e-02       2.213132510271e+04 
       3.423018824265e-02       2.207110657070e+04 
       3.438716032973e-02       2.201065547956e+04 
       3.454481638988e-02       2.195008344756e+04 
       3.470317599874e-02       2.188931116121e+04 
       3.486225943771e-02       2.182837761895e+04 
       3.502208772669e-02       2.176732227790e+04 
       3.518268265869e-02       2.170598323255e+04 
       3.534406683652e-02       2.164453191303e+04 
       3.550626371160e-02       2.158294923952e+04 
       3.566929762520e-02       2.152116230684e+04 
       3.583319385211e-02       2.145918957875e+04 
       3.599797864709e-02       2.139708038943e+04 
       3.616367929416e-02       2.133480022684e+04 
       3.633032415902e-02       2.127235195113e+04 
       3.649794274491e-02       2.120971845380e+04 
       3.666656575198e-02       2.114690558057e+04 
       3.683622514061e-02       2.108396749491e+04 
       3.700695419901e-02       2.102081475212e+04 
       3.717878761525e-02       2.095752173490e+04 
       3.735176155434e-02       2.089409128696e+04 
       3.752591374057e-02       2.083039930064e+04 
       3.770128354566e-02       2.076661092867e+04 
       3.787791208314e-02       2.070255788560e+04 
       3.805584230966e-02       2.063839424480e+04 
       3.823511913351e-02       2.057403856395e+04 
       3.841578953141e-02       2.050942324464e+04 
       3.859790267392e-02       2.044460455001e+04 
       3.878151006052e-02       2.037964533377e+04 
       3.896666566511e-02       2.031450540286e+04 
       3.915342609301e-02       2.024911773958e+04 
       3.934185075042e-02       2.018351444330e+04 
       3.953200202769e-02       2.011764273551e+04 
       3.972394549764e-02       2.005158887264e+04 
       3.991775013049e-02       1.998529588894e+04 
       4.011348852703e-02       1.991871095343e+04 
       4.031123717200e-02       1.985197094999e+04 
       4.051107670965e-02       1.978484098673e+04 
       4.071309224394e-02       1.971754191634e+04 
       4.091737366601e-02       1.964995370791e+04 
       4.112401601191e-02       1.958198597414e+04 
       4.133311985397e-02       1.951380071469e+04 
       4.154479172962e-02       1.944528103263e+04 
       4.175914461199e-02       1.937637893363e+04 
       4.197629842728e-02       1.930716071389e+04 
       4.219638062443e-02       1.923756716541e+04 
       4.241952680343e-02       1.916759699404e+04 
       4.264588140980e-02       1.909722719956e+04 
       4.287559850333e-02       1.902643385885e+04 
       4.310884261098e-02       1.895520030328e+04 
       4.334578967484e-02       1.888346170155e+04 
       4.358662810806e-02       1.881128467458e+04 
       4.383155997364e-02       1.873856228052e+04 
       4.408080230318e-02       1.866533766064e+04 
       4.433458857587e-02       1.859150684009e+04 
       4.459317038097e-02       1.851709543603e+04 
       4.485681929158e-02       1.844199969364e+04 
       4.512582898171e-02       1.836624359256e+04 
       4.540051762513e-02       1.828979940680e+04 
       4.568123062093e-02       1.821257307902e+04 
       4.596834369957e-02       1.813452462355e+04 
       4.626226647343e-02       1.805559577692e+04 
       4.656344650831e-02       1.797572915310e+04 
       4.687237400793e-02       1.789490011873e+04 
       4.718958722243e-02       1.781301846860e+04 
       4.751567871511e-02       1.773000481668e+04 
       4.785130265105e-02       1.764575483136e+04 
       4.819718330692e-02       1.756021945186e+04 
       4.855412504711e-02       1.747325452780e+04 
       4.892302406771e-02       1.738469410701e+04 
       4.930488228149e-02       1.729453754453e+04 
       4.970082380800e-02       1.720259298167e+04 
       5.011211464729e-02       1.710861332920e+04 
       5.054018626256e-02       1.701246560666e+04 
       5.098666398310e-02       1.691397274235e+04 
       5.145340137669e-02       1.681286376859e+04 
       5.194252204287e-02       1.670885042821e+04 
       5.245647066160e-02       1.660161644278e+04 
       5.299807561169e-02       1.649081222297e+04 
       5.357062606553e-02       1.637597896509e+04 
       5.417796717348e-02       1.625654106038e+04 
       5.482461774866e-02       1.613195288214e+04 
       5.551591566112e-02       1.600137391261e+04 
       5.625819672112e-02       1.586396719549e+04 
       5.705901266780e-02       1.571857273283e+04 
       5.792739193194e-02       1.556382296677e+04 
       5.887414104789e-02       1.539799318804e+04 
       5.991217111936e-02       1.521894677104e+04 
       6.105680598856e-02       1.502397819628e+04 
       6.232597669259e-02       1.480972502620e+04 
       6.374011910052e-02       1.457207520575e+04 
       6.532146710561e-02       1.430604671879e+04 
       6.709231387618e-02       1.400594832443e+04 
       6.907184168927e-02       1.366593052498e+04 
       7.127157169610e-02       1.328114945104e+04 
       7.369056601067e-02       1.284939025524e+04 
       7.631276045071e-02       1.237303282597e+04 
       7.910873215798e-02       1.186008587283e+04 
       8.204180408807e-02       1.132385809515e+04 
       8.507546135475e-02       1.078077321444e+04 
       8.817867442358e-02       1.024773586427e+04 
       9.132790514237e-02       9.739767451716e+03 
       9.450665499060e-02       9.268286958928e+03 
       9.770395659836e-02       8.840642364828e+03 
       1.009127659714e-01       8.459589579254e+03 
       1.041286565111e-01       8.124313696409e+03 
       1.073488839201e-01       7.830691573880e+03 
       1.105717609456e-01       7.572254804984e+03 
       1.137962554185e-01       7.341288387600e+03 
       1.170217377650e-01       7.129422089067e+03 
       1.202478245887e-01       6.928692125840e+03 
       1.234742825703e-01       6.732153673938e+03 
       1.267009697198e-01       6.534522526209e+03 
       1.299277995719e-01       6.332429481205e+03 
       1.331547194025e-01       6.124444189353e+03 
       1.363816969906e-01       5.911332386295e+03 
       1.396087125764e-01       5.695150894991e+03 
       1.428357539797e-01       5.479218108790e+03 
       1.460628136343e-01       5.267316771748e+03 
       1.492898867880e-01       5.063206012392e+03 
       1.525169704090e-01       4.870213079631e+03 
       1.557440625205e-01       4.690821225804e+03 
       1.589711617972e-01       4.526501208132e+03 
       1.621982673179e-01       4.377694388761e+03 
       1.654253784162e-01       4.243940691320e+03 
       1.686524945876e-01       4.123825383995e+03 
       1.718796154335e-01       4.015290589805e+03 
       1.751067406259e-01       3.915906548286e+03 
       1.783338698860e-01       3.823024829728e+03 
       1.815610029702e-01       3.734242168321e+03 
       1.847881396613e-01       3.647198227246e+03 
       1.880152797627e-01       3.560286723422e+03 
       1.912424230949e-01       3.472630935173e+03 
       1.944695694922e-01       3.383439061728e+03 
       1.976967188013e-01       3.292683711983e+03 
       2.009238708796e-01       3.200849808007e+03 
       2.041510255938e-01       3.108878615763e+03 
       2.073781828195e-01       3.017914970474e+03 
       2.106053424402e-01       2.929246915383e+03 
       2.138325043463e-01       2.843949034268e+03 
       2.170596684352e-01       2.763036342736e+03 
       2.202868346101e-01       2.687076686142e+03 
       2.235140027799e-01       2.616304207075e+03 
       2.267411728590e-01       2.550610520580e+03 
       2.299683447662e-01       2.489597798493e+03 
       2.331955184252e-01       2.432749745738e+03 
       2.364226937638e-01       2.379435410601e+03 
       2.396498707137e-01       2.328952802189e+03 
       2.428770492101e-01       2.280647363256e+03 
       2.461042291920e-01       2.233887679273e+03 
       2.493314106011e-01       2.188033022801e+03 
       2.525585933825e-01       2.142643774110e+03 
       2.557857774839e-01       2.097355748041e+03 
       2.590129628556e-01       2.052047463191e+03 
       2.622401494505e-01       2.006733310528e+03 
       2.654673372236e-01       1.961577661629e+03 
       2.686945261324e-01       1.916912710400e+03 
       2.719217161360e-01       1.873021245319e+03 
       2.751489071958e-01       1.830225204769e+03 
       2.783760992748e-01       1.788785230731e+03 
       2.816032923377e-01       1.748910068138e+03 
       2.848304863510e-01       1.710745388276e+03 
       2.880576812826e-01       1.674367960091e+03 
       2.912848771016e-01       1.639798923776e+03 
       2.945120737789e-01       1.606966037127e+03 
       2.977392712863e-01       1.575737064778e+03 
       3.009664695969e-01       1.545900283083e+03 
       3.041936686852e-01       1.517212128058e+03 
       3.074208685264e-01       1.489417139601e+03 
       3.106480690971e-01       1.462284425814e+03 
       3.138752703745e-01       1.435647779849e+03 
       3.171024723370e-01       1.409391595808e+03 
       3.203296749637e-01       1.383449654944e+03 
       3.235568782348e-01       1.357818261419e+03 
       3.267840821310e-01       1.332491342264e+03 
       3.300112866339e-01       1.307508503985e+03 
       3.332384917257e-01       1.282932327745e+03 
       3.364656973895e-01       1.258809373090e+03 
       3.396929036089e-01       1.235219493417e+03 
       3.429201103681e-01       1.212241815351e+03 
       3.461473176519e-01       1.189951594539e+03 
       3.493745254458e-01       1.168393585616e+03 
       3.526017337357e-01       1.147577794394e+03 
       3.558289425079e-01       1.127504306651e+03 
       3.590561517496e-01       1.108123322259e+03 
       3.622833614479e-01       1.089369761493e+03 
       3.655105715909e-01       1.071183427275e+03 
       3.687377821667e-01       1.053501880149e+03 
       3.719649931641e-01       1.036269270941e+03 
       3.751922045722e-01       1.019435608243e+03 
       3.784194163803e-01       1.002952010937e+03 
       3.816466285783e-01       9.867720070055e+02 
       3.848738411564e-01       9.708577542842e+02 
       3.881010541050e-01       9.551843202973e+02 
       3.913282674149e-01       9.397476115723e+02 
       3.945554810772e-01       9.245602329098e+02 
       3.977826950833e-01       9.096441622886e+02 
       4.010099094249e-01       8.950315338593e+02 
       4.042371240939e-01       8.807456001192e+02 
       4.074643390825e-01       8.667966659983e+02 
       4.106915543832e-01       8.531919057959e+02 
       4.139187699885e-01       8.399224652958e+02 
       4.171459858915e-01       8.269772230242e+02 
       4.203732020851e-01       8.143537117857e+02 
       4.236004185629e-01       8.020451585137e+02 
       4.268276353182e-01       7.900393883946e+02 
       4.300548523448e-01       7.783234898988e+02 
       4.332820696367e-01       7.668788186187e+02 
       4.365092871878e-01       7.556793411835e+02 
       4.397365049926e-01       7.447025723430e+02 
       4.429637230454e-01       7.339309339069e+02 
       4.461909413409e-01       7.233552835333e+02 
       4.494181598737e-01       7.129711311374e+02 
       4.526453786388e-01       7.027776603764e+02 
       4.558725976313e-01       6.927807020462e+02 
       4.590998168463e-01       6.829691748073e+02 
       4.623270362791e-01       6.733407833002e+02 
       4.655542559252e-01       6.638889591910e+02 
       4.687814757803e-01       6.546075138295e+02 
       4.720086958399e-01       6.454972634388e+02 
       4.752359160999e-01       6.365595413290e+02 
       4.784631365563e-01       6.278012981968e+02 
       4.816903572050e-01       6.192222200178e+02 
       4.849175780423e-01       6.108243773964e+02 
       4.881447990643e-01       6.026004013810e+02 
       4.913720202674e-01       5.945429874059e+02 
       4.945992416481e-01       5.866421582801e+02 
       4.978264632030e-01       5.788921683573e+02 
       5.010536849285e-01       5.712891093925e+02 
       5.042809068215e-01       5.638309848660e+02 
       5.075081288786e-01       5.565133458690e+02 
       5.107353510969e-01       5.493320239531e+02 
       5.139625734733e-01       5.422818449778e+02 
       5.171897960048e-01       5.353504301097e+02 
       5.204170186884e-01       5.285314300926e+02 
       5.236442415215e-01       5.218227200919e+02 
       5.268714645011e-01       5.152201587857e+02 
       5.300986876247e-01       5.087270085464e+02 
       5.333259108897e-01       5.023484098096e+02 
       5.365531342933e-01       4.960861229451e+02 
       5.397803578333e-01       4.899356377744e+02 
       5.430075815071e-01       4.838944853858e+02 
       5.462348053123e-01       4.779583660110e+02 
       5.494620292466e-01       4.721250733559e+02 
       5.526892533078e-01       4.663927703073e+02 
       5.559164774937e-01       4.607598497500e+02 
       5.591437018020e-01       4.552247225364e+02 
       5.623709262307e-01       4.497915309484e+02 
       5.655981507777e-01       4.444530425977e+02 
       5.688253754409e-01       4.392038754046e+02 
       5.720526002185e-01       4.340383456645e+02 
       5.752798251084e-01       4.289542100576e+02 
       5.785070501088e-01       4.239467135049e+02 
       5.817342752179e-01       4.190191915109e+02 
       5.849615004338e-01       4.141717837739e+02 
       5.881887257548e-01       4.094040416532e+02 
       5.914159511791e-01       4.047157708982e+02 
       5.946431767051e-01       4.001024685134e+02 
       5.978704023312e-01       3.955605180056e+02 
       6.010976280556e-01       3.910874080617e+02 
       6.043248538768e-01       3.866826315168e+02 
       6.075520797933e-01       3.823459319763e+02 
       6.107793058036e-01       3.780782618726e+02 
       6.140065319062e-01       3.738804476667e+02 
       6.172337580995e-01       3.697509225703e+02 
       6.204609843823e-01       3.656875056909e+02 
       6.236882107531e-01       3.616856765249e+02 
       6.269154372105e-01       3.577434266438e+02 
       6.301426637533e-01       3.538585693205e+02 
       6.333698903800e-01       3.500326208264e+02 
       6.365971170895e-01       3.462652526187e+02 
       6.398243438805e-01       3.425565937755e+02 
       6.430515707517e-01       3.389053084762e+02 
       6.462787977019e-01       3.353099490402e+02 
       6.495060247300e-01       3.317674755588e+02 
       6.527332518348e-01       3.282744370402e+02 
       6.559604790152e-01       3.248294201831e+02 
       6.591877062700e-01       3.214336390550e+02 
       6.624149335981e-01       3.180875805389e+02 
       6.656421609986e-01       3.147918292713e+02 
       6.688693884703e-01       3.115455762041e+02 
       6.720966160122e-01       3.083472541005e+02 
       6.753238436233e-01       3.051952538382e+02 
       6.785510713026e-01       3.020869663326e+02 
       6.817782990492e-01       2.990211494128e+02 
       6.850055268621e-01       2.959978353377e+02 
       6.882327547403e-01       2.930171738892e+02 
       6.914599826829e-01       2.900800898797e+02 
       6.946872106891e-01       2.871857360889e+02 
       6.979144387580e-01       2.843335307516e+02 
       7.011416668886e-01       2.815212374748e+02 
       7.043688950802e-01       2.787464700941e+02 
       7.075961233319e-01       2.760076443569e+02 
       7.108233516428e-01       2.733054047867e+02 
       7.140505800123e-01       2.706394761206e+02 
       7.172778084394e-01       2.680119427008e+02 
       7.205050369234e-01       2.654207098589e+02 
       7.237322654636e-01       2.628659944659e+02 
       7.269594940591e-01       2.603459511888e+02 
       7.301867227094e-01       2.578587009185e+02 
       7.334139514135e-01       2.554020918241e+02 
       7.366411801709e-01       2.529785082783e+02 
       7.398684089808e-01       2.505850524495e+02 
       7.430956378425e-01       2.482253892784e+02 
       7.463228667555e-01       2.458975221164e+02 
       7.495500957189e-01       2.436015347297e+02 
       7.527773247322e-01       2.413355390195e+02 
       7.560045537946e-01       2.390980003977e+02 
       7.592317829057e-01       2.368885813800e+02 
       7.624590120648e-01       2.347075394149e+02 
       7.656862412712e-01       2.325521756167e+02 
       7.689134705243e-01       2.304266325093e+02 
       7.721406998237e-01       2.283285224551e+02 
       7.753679291686e-01       2.262582226808e+02 
       7.785951585586e-01       2.242146631566e+02 
       7.818223879930e-01       2.221967794491e+02 
       8.618381281397e-01       1.793019307238e+02 
       9.821629455159e-01       1.339578856610e+02 
       1.177095389581e+00       8.884265967398e+01 
