# Matter power spectrum P(k) at redshift z=0
# for k=1.13724e-05 to 1.66569 h/Mpc,
# number of wavenumbers equal to 624
#    1:k (h/Mpc)              2:P (Mpc/h)^3        
       1.137243230500e-05       3.649968040226e+01 
       2.425480250112e-05       7.568549523195e+01 
       3.718494549559e-05       1.143005064883e+02 
       5.019766584881e-05       1.528119318261e+02 
       6.332836558025e-05       1.915160008886e+02 
       7.661335990942e-05       2.306497850400e+02 
       9.009020338272e-05       2.704263230136e+02 
       1.037980307135e-04       3.110476084149e+02 
       1.177779166962e-04       3.527118795718e+02 
       1.320732595885e-04       3.956181235839e+02 
       1.467301923582e-04       4.399685295129e+02 
       1.617980261246e-04       4.859706050754e+02 
       1.773297299359e-04       5.338381977383e+02 
       1.933824506368e-04       5.837922965598e+02 
       2.100180758946e-04       6.360609248584e+02 
       2.273038423427e-04       6.908788999108e+02 
       2.453129890787e-04       7.484864216491e+02 
       2.641254542185e-04       8.091272196509e+02 
       2.838286085596e-04       8.730454735685e+02 
       3.045180153309e-04       9.404824687605e+02 
       3.262981981091e-04       1.011670568180e+03 
       3.492833898647e-04       1.086828197545e+03 
       3.735982243888e-04       1.166151248077e+03 
       3.993783168079e-04       1.249805725990e+03 
       4.267706625625e-04       1.337919056968e+03 
       4.559337646959e-04       1.430569942310e+03 
       4.870373789862e-04       1.527782737271e+03 
       5.202617480296e-04       1.629520691883e+03 
       5.557961830612e-04       1.735684387616e+03 
       5.938368520883e-04       1.846115046587e+03 
       6.345836522726e-04       1.960604050297e+03 
       6.782360913507e-04       2.078909087326e+03 
       7.249881834465e-04       2.200774899065e+03 
       7.750224801754e-04       2.325961521733e+03 
       8.285035010490e-04       2.454268802548e+03 
       8.855709787817e-04       2.585561176992e+03 
       9.463334646012e-04       2.719780994109e+03 
       1.010862909082e-03       2.856954208031e+03 
       1.079190812511e-03       2.997175650003e+03 
       1.151306409829e-03       3.140591291412e+03 
       1.227157130997e-03       3.287365612841e+03 
       1.306651299161e-03       3.437648578372e+03 
       1.389662755553e-03       3.591533435684e+03 
       1.476036890048e-03       3.749052446927e+03 
       1.565597448365e-03       3.910175927138e+03 
       1.658153489616e-03       4.074774231223e+03 
       1.753505961419e-03       4.242639422825e+03 
       1.851453507644e-03       4.413496216756e+03 
       1.951797286583e-03       4.587018187618e+03 
       2.054344724023e-03       4.762843390177e+03 
       2.158912238337e-03       4.940591093930e+03 
       2.265327048155e-03       5.119874815913e+03 
       2.373428210852e-03       5.300313627751e+03 
       2.483067050246e-03       5.481540518985e+03 
       2.594107123634e-03       5.663208047647e+03 
       2.706423859747e-03       5.844993002558e+03 
       2.819903976363e-03       6.026596176594e+03 
       2.934444763362e-03       6.207745606089e+03 
       3.049953296098e-03       6.388193469525e+03 
       3.166345626214e-03       6.567722266454e+03 
       3.283545982744e-03       6.746131038833e+03 
       3.401486005187e-03       6.923244456591e+03 
       3.520104021917e-03       7.098907939341e+03 
       3.639344381185e-03       7.272983876712e+03 
       3.759156837696e-03       7.445352288086e+03 
       3.879495994815e-03       7.615908191799e+03 
       4.000320800547e-03       7.784559638380e+03 
       4.121594094273e-03       7.951228601255e+03 
       4.243282200575e-03       8.115845332108e+03 
       4.365354566210e-03       8.278352888380e+03 
       4.487783436247e-03       8.438701093340e+03 
       4.610543565493e-03       8.596849456407e+03 
       4.733611961573e-03       8.752762515278e+03 
       4.856967656248e-03       8.906412222481e+03 
       4.980591501901e-03       9.057777325825e+03 
       5.104465990348e-03       9.206839745066e+03 
       5.228575091478e-03       9.353589122169e+03 
       5.352904109446e-03       9.498017020351e+03 
       5.477439554421e-03       9.640120987211e+03 
       5.602169028094e-03       9.779906883946e+03 
       5.727081121381e-03       9.917352015376e+03 
       5.852165322922e-03       1.005246210062e+04 
       5.977411937144e-03       1.018525955675e+04 
       6.102812010808e-03       1.031577315588e+04 
       6.228357267079e-03       1.044393002177e+04 
       6.354040046281e-03       1.056982434175e+04 
       6.479853252595e-03       1.069343686212e+04 
       6.605790306038e-03       1.081478499951e+04 
       6.731845099156e-03       1.093388955912e+04 
       6.858011957911e-03       1.105075309932e+04 
       6.984285606319e-03       1.116539521076e+04 
       7.110661134434e-03       1.127783706461e+04 
       7.237133969339e-03       1.138808861380e+04 
       7.363699848810e-03       1.149617029449e+04 
       7.490354797396e-03       1.160210539524e+04 
       7.617095104665e-03       1.170590929827e+04 
       7.743917305388e-03       1.180760032200e+04 
       7.870818161475e-03       1.190719733356e+04 
       7.997794645497e-03       1.200472444643e+04 
       8.124843925620e-03       1.210018375917e+04 
       8.251963351836e-03       1.219374484813e+04 
       8.379150443351e-03       1.228512420564e+04 
       8.506402877029e-03       1.237462292493e+04 
       8.633718476793e-03       1.246207817130e+04 
       8.761095203887e-03       1.254745881957e+04 
       8.888531147936e-03       1.263101068122e+04 
       9.016024518711e-03       1.271263771544e+04 
       9.143573638554e-03       1.279238299662e+04 
       9.271176935400e-03       1.287027112516e+04 
       9.398832936330e-03       1.294627741127e+04 
       9.526540261638e-03       1.302050741819e+04 
       9.654297619335e-03       1.309288890103e+04 
       9.782103800075e-03       1.316348015647e+04 
       9.909957672469e-03       1.323228674484e+04 
       1.003785817873e-02       1.329934330679e+04 
       1.016580433067e-02       1.336461122902e+04 
       1.029379520594e-02       1.342822492375e+04 
       1.042182994461e-02       1.349005889777e+04 
       1.054990774593e-02       1.355027090268e+04 
       1.067802786537e-02       1.360890182693e+04 
       1.080618961185e-02       1.366579308042e+04 
       1.093439234519e-02       1.372104997968e+04 
       1.106263547369e-02       1.377475128906e+04 
       1.119091845194e-02       1.382681348465e+04 
       1.131924077875e-02       1.387731935998e+04 
       1.144760199523e-02       1.392626669797e+04 
       1.157600168300e-02       1.397374543508e+04 
       1.170443946255e-02       1.401961429895e+04 
       1.183291499166e-02       1.406406940271e+04 
       1.196142796403e-02       1.410702047980e+04 
       1.208997810785e-02       1.414849587474e+04 
       1.221856518466e-02       1.418849626556e+04 
       1.234718898813e-02       1.422706403071e+04 
       1.247584934298e-02       1.426421618133e+04 
       1.260454610404e-02       1.429998904288e+04 
       1.273327915529e-02       1.433443349954e+04 
       1.286204840900e-02       1.436749729861e+04 
       1.299085380495e-02       1.439914521331e+04 
       1.311969530967e-02       1.442954532471e+04 
       1.324857291581e-02       1.445868155109e+04 
       1.337748664146e-02       1.448628514094e+04 
       1.350643652960e-02       1.451267661242e+04 
       1.363542264757e-02       1.453786021563e+04 
       1.376444508658e-02       1.456184745351e+04 
       1.389350396125e-02       1.458448571610e+04 
       1.402259940923e-02       1.460594061128e+04 
       1.415173159082e-02       1.462617660841e+04 
       1.428090068864e-02       1.464527056627e+04 
       1.441010690731e-02       1.466313037107e+04 
       1.453935047323e-02       1.467992051708e+04 
       1.466863163431e-02       1.469548275756e+04 
       1.479795065976e-02       1.470984417894e+04 
       1.492730783995e-02       1.472315178355e+04 
       1.505670348620e-02       1.473535785890e+04 
       1.518613793073e-02       1.474653485015e+04 
       1.531561152649e-02       1.475649967243e+04 
       1.544512464712e-02       1.476547719536e+04 
       1.557467768690e-02       1.477341298161e+04 
       1.570427106070e-02       1.478036572738e+04 
       1.583390520400e-02       1.478621961267e+04 
       1.596358057287e-02       1.479109916822e+04 
       1.609329764401e-02       1.479489356861e+04 
       1.622305691482e-02       1.479781453649e+04 
       1.635285890347e-02       1.479973634681e+04 
       1.648270414898e-02       1.480063494453e+04 
       1.661259321131e-02       1.480068475051e+04 
       1.674252667155e-02       1.479979419070e+04 
       1.687250513198e-02       1.479791909130e+04 
       1.700252921631e-02       1.479511917346e+04 
       1.713259956983e-02       1.479149136387e+04 
       1.726271685960e-02       1.478697010005e+04 
       1.739288177465e-02       1.478158487410e+04 
       1.752309502628e-02       1.477540709037e+04 
       1.765335734822e-02       1.476831690898e+04 
       1.778366949697e-02       1.476041851929e+04 
       1.791403225201e-02       1.475161804692e+04 
       1.804444641618e-02       1.474214398294e+04 
       1.817491281593e-02       1.473179413055e+04 
       1.830543230166e-02       1.472064380535e+04 
       1.843600574812e-02       1.470874356498e+04 
       1.856663405469e-02       1.469612641506e+04 
       1.869731814584e-02       1.468277569009e+04 
       1.882805897150e-02       1.466859059730e+04 
       1.895885750745e-02       1.465373929338e+04 
       1.908971475580e-02       1.463823845489e+04 
       1.922063174540e-02       1.462190956056e+04 
       1.935160953234e-02       1.460493006263e+04 
       1.948264920042e-02       1.458736933699e+04 
       1.961375186165e-02       1.456900092960e+04 
       1.974491865680e-02       1.455004022398e+04 
       1.987615075592e-02       1.453041972100e+04 
       2.000744935890e-02       1.451020984767e+04 
       2.013881569606e-02       1.448931516163e+04 
       2.027025102876e-02       1.446781871023e+04 
       2.040175665001e-02       1.444570967557e+04 
       2.053333388511e-02       1.442303223829e+04 
       2.066498409233e-02       1.439975827275e+04 
       2.079670866359e-02       1.437590294408e+04 
       2.092850902516e-02       1.435147144107e+04 
       2.106038663839e-02       1.432647905476e+04 
       2.119234300050e-02       1.430097077954e+04 
       2.132437964531e-02       1.427487692530e+04 
       2.145649814408e-02       1.424827152181e+04 
       2.158870010633e-02       1.422130111524e+04 
       2.172098718069e-02       1.419364166631e+04 
       2.185336105578e-02       1.416554109012e+04 
       2.198582346115e-02       1.413698801329e+04 
       2.211837616818e-02       1.410792984659e+04 
       2.225102099108e-02       1.407838593747e+04 
       2.238375978787e-02       1.404834802577e+04 
       2.251659446141e-02       1.401790766936e+04 
       2.264952696050e-02       1.398709212588e+04 
       2.278255928090e-02       1.395588868748e+04 
       2.291569346656e-02       1.392403939172e+04 
       2.304893161068e-02       1.389190442638e+04 
       2.318227585700e-02       1.385935635816e+04 
       2.331572840099e-02       1.382637478274e+04 
       2.344929149115e-02       1.379319117107e+04 
       2.358296743032e-02       1.375929710342e+04 
       2.371675857704e-02       1.372521125831e+04 
       2.385066734697e-02       1.369077350985e+04 
       2.398469621432e-02       1.365604565332e+04 
       2.411884771336e-02       1.362078279658e+04 
       2.425312443995e-02       1.358530475461e+04 
       2.438752905315e-02       1.354951989050e+04 
       2.452206427684e-02       1.351335770115e+04 
       2.465673290145e-02       1.347684893594e+04 
       2.479153778570e-02       1.344009908551e+04 
       2.492648185840e-02       1.340303509182e+04 
       2.506156812033e-02       1.336571649007e+04 
       2.519679964618e-02       1.332809626645e+04 
       2.533217958652e-02       1.329015277446e+04 
       2.546771116992e-02       1.325191097013e+04 
       2.560339770501e-02       1.321342471132e+04 
       2.573924258274e-02       1.317471416398e+04 
       2.587524927864e-02       1.313580894862e+04 
       2.601142135518e-02       1.309654029846e+04 
       2.614776246421e-02       1.305713738571e+04 
       2.628427634948e-02       1.301742030313e+04 
       2.642096684926e-02       1.297751601925e+04 
       2.655783789903e-02       1.293746005938e+04 
       2.669489353429e-02       1.289706535238e+04 
       2.683213789346e-02       1.285652843581e+04 
       2.696957522086e-02       1.281584071626e+04 
       2.710720986986e-02       1.277493487579e+04 
       2.724504630604e-02       1.273382147267e+04 
       2.738308911058e-02       1.269254845850e+04 
       2.752134298372e-02       1.265106095866e+04 
       2.765981274831e-02       1.260953599641e+04 
       2.779850335356e-02       1.256771018920e+04 
       2.793741987892e-02       1.252578048706e+04 
       2.807656753804e-02       1.248370488104e+04 
       2.821595168298e-02       1.244144561796e+04 
       2.835557780848e-02       1.239910980701e+04 
       2.849545155650e-02       1.235666601234e+04 
       2.863557872084e-02       1.231401355780e+04 
       2.877596525201e-02       1.227123808092e+04 
       2.891661726223e-02       1.222833512636e+04 
       2.905754103072e-02       1.218547578614e+04 
       2.919874300910e-02       1.214230731055e+04 
       2.934022982705e-02       1.209915864346e+04 
       2.948200829826e-02       1.205587965377e+04 
       2.962408542652e-02       1.201243790390e+04 
       2.976646841213e-02       1.196903814623e+04 
       2.990916465857e-02       1.192542776386e+04 
       3.005218177942e-02       1.188177979005e+04 
       3.019552760561e-02       1.183813676936e+04 
       3.033921019297e-02       1.179431833215e+04 
       3.048323783010e-02       1.175049115103e+04 
       3.062761904658e-02       1.170658677584e+04 
       3.077236262156e-02       1.166258276574e+04 
       3.091747759270e-02       1.161854034945e+04 
       3.106297326554e-02       1.157445883249e+04 
       3.120885922331e-02       1.153040799288e+04 
       3.135514533708e-02       1.148615398772e+04 
       3.150184177656e-02       1.144202084584e+04 
       3.164895902122e-02       1.139769338231e+04 
       3.179650787204e-02       1.135340254477e+04 
       3.194449946379e-02       1.130910797171e+04 
       3.209294527787e-02       1.126478197737e+04 
       3.224185715581e-02       1.122041974921e+04 
       3.239124731342e-02       1.117599796183e+04 
       3.254112835559e-02       1.113154638129e+04 
       3.269151329187e-02       1.108714023652e+04 
       3.284241555285e-02       1.104275343991e+04 
       3.299384900730e-02       1.099826012072e+04 
       3.314582798025e-02       1.095378821451e+04 
       3.329836727197e-02       1.090932453415e+04 
       3.345148217796e-02       1.086482659211e+04 
       3.360518851000e-02       1.082035892390e+04 
       3.375950261827e-02       1.077593782967e+04 
       3.391444141475e-02       1.073143783994e+04 
       3.407002239781e-02       1.068696995594e+04 
       3.422626367821e-02       1.064248540977e+04 
       3.438318400653e-02       1.059804079164e+04 
       3.454080280212e-02       1.055358017144e+04 
       3.469914018375e-02       1.050913078258e+04 
       3.485821700195e-02       1.046474644728e+04 
       3.501805487334e-02       1.042036983163e+04 
       3.517867621684e-02       1.037592406515e+04 
       3.534010429218e-02       1.033153425892e+04 
       3.550236324061e-02       1.028722253275e+04 
       3.566547812818e-02       1.024284001115e+04 
       3.582947499168e-02       1.019853456306e+04 
       3.599438088734e-02       1.015425163206e+04 
       3.616022394280e-02       1.010992493147e+04 
       3.632703341224e-02       1.006565221985e+04 
       3.649483973517e-02       1.002140137057e+04 
       3.666367459902e-02       9.977178735641e+03 
       3.683357100601e-02       9.933049260780e+03 
       3.700456334434e-02       9.888777111102e+03 
       3.717668746444e-02       9.844624157705e+03 
       3.734998076031e-02       9.800568524802e+03 
       3.752448225670e-02       9.756340441553e+03 
       3.770023270240e-02       9.712234094242e+03 
       3.787727467031e-02       9.668229494178e+03 
       3.805565266476e-02       9.624111975912e+03 
       3.823541323680e-02       9.580118408186e+03 
       3.841660510820e-02       9.536002521891e+03 
       3.859927930486e-02       9.491960941148e+03 
       3.878348930050e-02       9.447960493272e+03 
       3.896929117174e-02       9.404004424348e+03 
       3.915674376545e-02       9.360036872229e+03 
       3.934590887968e-02       9.316008235434e+03 
       3.953685145950e-02       9.271984662093e+03 
       3.972963980912e-02       9.228038342548e+03 
       3.992434582205e-02       9.184069859598e+03 
       4.012104523115e-02       9.140071613789e+03 
       4.031981788051e-02       9.096037673341e+03 
       4.052074802165e-02       9.052084610090e+03 
       4.072392463651e-02       9.008079568911e+03 
       4.092944179029e-02       8.963997013181e+03 
       4.113739901735e-02       8.919996757277e+03 
       4.134790174402e-02       8.875862925421e+03 
       4.156106175252e-02       8.831778324681e+03 
       4.177699769082e-02       8.787636426151e+03 
       4.199583563399e-02       8.743431524015e+03 
       4.221770970330e-02       8.699257765928e+03 
       4.244276275019e-02       8.654921309974e+03 
       4.267114711339e-02       8.610586635225e+03 
       4.290302545866e-02       8.566223939713e+03 
       4.313857171193e-02       8.521736695744e+03 
       4.337797209856e-02       8.477156448235e+03 
       4.362142630307e-02       8.432444224592e+03 
       4.386914876646e-02       8.387696519366e+03 
       4.412137014058e-02       8.342858454081e+03 
       4.437833892272e-02       8.297832996140e+03 
       4.464032329721e-02       8.252697853251e+03 
       4.490761321573e-02       8.207506037015e+03 
       4.518052275366e-02       8.162006963065e+03 
       4.545939278663e-02       8.116506710954e+03 
       4.574459403964e-02       8.070697343646e+03 
       4.603653057142e-02       8.024684528139e+03 
       4.633564376854e-02       7.978494332811e+03 
       4.664241693933e-02       7.931964871816e+03 
       4.695738061560e-02       7.885287230883e+03 
       4.728111869341e-02       7.838281292673e+03 
       4.761427557204e-02       7.790916712684e+03 
       4.795756448569e-02       7.743272457752e+03 
       4.831177726637e-02       7.695206327477e+03 
       4.867779583157e-02       7.646746422185e+03 
       4.905660575982e-02       7.597871053925e+03 
       4.944931240529e-02       7.548423263536e+03 
       4.985716011401e-02       7.498515975302e+03 
       5.028155524624e-02       7.447925393541e+03 
       5.072409389026e-02       7.396734646463e+03 
       5.118659538351e-02       7.344765531446e+03 
       5.167114305024e-02       7.291974421021e+03 
       5.218013393672e-02       7.238270294369e+03 
       5.271633979195e-02       7.183506545945e+03 
       5.328298211870e-02       7.127543129034e+03 
       5.388382481157e-02       7.070233996161e+03 
       5.452328868632e-02       7.011313792768e+03 
       5.520659300631e-02       6.950650836178e+03 
       5.593992972320e-02       6.887797579428e+03 
       5.673067610287e-02       6.822339103570e+03 
       5.758764973645e-02       6.753856946043e+03 
       5.852140472616e-02       6.681671977747e+03 
       5.954455550903e-02       6.604782587586e+03 
       6.067208910483e-02       6.522067199346e+03 
       6.192157791470e-02       6.431987715527e+03 
       6.331312212710e-02       6.332470758566e+03 
       6.486872994346e-02       6.220552989656e+03 
       6.661071945289e-02       6.093050915571e+03 
       6.855872670828e-02       5.945778544046e+03 
       7.072529303279e-02       5.774557308341e+03 
       7.311101717809e-02       5.576011090076e+03 
       7.570153790553e-02       5.349064841201e+03 
       7.846876180178e-02       5.096067205971e+03 
       8.137658117469e-02       4.823409333538e+03 
       8.438830376009e-02       4.540587038808e+03 
       8.747228579734e-02       4.258624138873e+03 
       9.060427061063e-02       3.988130383776e+03 
       9.376713393593e-02       3.737968510485e+03 
       9.694943859485e-02       3.514303915347e+03 
       1.001438165990e-01       3.320510741023e+03 
       1.033456289445e-01       3.157074427942e+03 
       1.065519962729e-01       3.022244370650e+03 
       1.097611470238e-01       2.912472514407e+03 
       1.129719969875e-01       2.822844983243e+03 
       1.161838846830e-01       2.747809525057e+03 
       1.193964072302e-01       2.681608009193e+03 
       1.226093194399e-01       2.618812378923e+03 
       1.258224721009e-01       2.554744487467e+03 
       1.290357743570e-01       2.485900130978e+03 
       1.322491708148e-01       2.410177391930e+03 
       1.354626276298e-01       2.326995334740e+03 
       1.386761240543e-01       2.237086375386e+03 
       1.418896473059e-01       2.142327276282e+03 
       1.451031894506e-01       2.045301532427e+03 
       1.483167455110e-01       1.948910125262e+03 
       1.515303123166e-01       1.855984212472e+03 
       1.547438878048e-01       1.769000720145e+03 
       1.579574705962e-01       1.689786570368e+03 
       1.611710597359e-01       1.619520002623e+03 
       1.643846545350e-01       1.558590267035e+03 
       1.675982544747e-01       1.506697470702e+03 
       1.708118591461e-01       1.462995159578e+03 
       1.740254682142e-01       1.426129563939e+03 
       1.772390813949e-01       1.394497981669e+03 
       1.804526984405e-01       1.366325384699e+03 
       1.836663191304e-01       1.340023310769e+03 
       1.868799432653e-01       1.314147088709e+03 
       1.900935706633e-01       1.287142426458e+03 
       1.933072011566e-01       1.258095972887e+03 
       1.965208345901e-01       1.226541005208e+03 
       1.997344708194e-01       1.192454237177e+03 
       2.029481097097e-01       1.156273158520e+03 
       2.061617511353e-01       1.118717334480e+03 
       2.093753949782e-01       1.080680469083e+03 
       2.125890411277e-01       1.043094251772e+03 
       2.158026894800e-01       1.006869495633e+03 
       2.190163399373e-01       9.726365084587e+02 
       2.222299924076e-01       9.409205550881e+02 
       2.254436468042e-01       9.120602314017e+02 
       2.286573030453e-01       8.861620200502e+02 
       2.318709610537e-01       8.631584837693e+02 
       2.350846207563e-01       8.428170852367e+02 
       2.382982820842e-01       8.247723539919e+02 
       2.415119449721e-01       8.085224702383e+02 
       2.447256093581e-01       7.935174357995e+02 
       2.479392751835e-01       7.791789606622e+02 
       2.511529423929e-01       7.650271039829e+02 
       2.543666109333e-01       7.506707947493e+02 
       2.575802807547e-01       7.358279912494e+02 
       2.607939518094e-01       7.203700453129e+02 
       2.640076240521e-01       7.042745561416e+02 
       2.672212974397e-01       6.876326436035e+02 
       2.704349719312e-01       6.705946861574e+02 
       2.736486474873e-01       6.534148840047e+02 
       2.768623240709e-01       6.363349606337e+02 
       2.800760016463e-01       6.196615866118e+02 
       2.832896801797e-01       6.036540960494e+02 
       2.865033596386e-01       5.885254292198e+02 
       2.897170399920e-01       5.743944135011e+02 
       2.929307212103e-01       5.613269176690e+02 
       2.961444032652e-01       5.492932824218e+02 
       2.993580861297e-01       5.382082286493e+02 
       3.025717697778e-01       5.279400780212e+02 
       3.057854541846e-01       5.183398414158e+02 
       3.089991393264e-01       5.092488496708e+02 
       3.122128251804e-01       5.005026281495e+02 
       3.154265117247e-01       4.919541590780e+02 
       3.186401989382e-01       4.834683303433e+02 
       3.218538868009e-01       4.749422999696e+02 
       3.250675752934e-01       4.663087601793e+02 
       3.282812643971e-01       4.575423172500e+02 
       3.314949540941e-01       4.486700843130e+02 
       3.347086443674e-01       4.397293126568e+02 
       3.379223352002e-01       4.308043638685e+02 
       3.411360265769e-01       4.219823958679e+02 
       3.443497184820e-01       4.133320508546e+02 
       3.475634109009e-01       4.049318813777e+02 
       3.507771038193e-01       3.968286049724e+02 
       3.539907972236e-01       3.890714134500e+02 
       3.572044911007e-01       3.816815116323e+02 
       3.604181854377e-01       3.746802534668e+02 
       3.636318802226e-01       3.680481269867e+02 
       3.668455754434e-01       3.617610737427e+02 
       3.700592710887e-01       3.557617586586e+02 
       3.732729671476e-01       3.499921967096e+02 
       3.764866636093e-01       3.444057554878e+02 
       3.797003604637e-01       3.389431509784e+02 
       3.829140577008e-01       3.335621270532e+02 
       3.861277553110e-01       3.282341246154e+02 
       3.893414532850e-01       3.229441530006e+02 
       3.925551516139e-01       3.176826174838e+02 
       3.957688502889e-01       3.124459373704e+02 
       3.989825493017e-01       3.072386171208e+02 
       4.021962486442e-01       3.020731419374e+02 
       4.054099483084e-01       2.969661393966e+02 
       4.086236482868e-01       2.919446024730e+02 
       4.118373485719e-01       2.870322923535e+02 
       4.150510491567e-01       2.822483505453e+02 
       4.182647500342e-01       2.776050000161e+02 
       4.214784511976e-01       2.731116752035e+02 
       4.246921526405e-01       2.687665549765e+02 
       4.279058543565e-01       2.645630268526e+02 
       4.311195563395e-01       2.604960642687e+02 
       4.343332585836e-01       2.565582386478e+02 
       4.375469610829e-01       2.527423955567e+02 
       4.407606638319e-01       2.490282148849e+02 
       4.439743668251e-01       2.454123258154e+02 
       4.471880700573e-01       2.418754080259e+02 
       4.504017735233e-01       2.384009072310e+02 
       4.536154772182e-01       2.349754301125e+02 
       4.568291811370e-01       2.315892856932e+02 
       4.600428852750e-01       2.282440425900e+02 
       4.632565896278e-01       2.249373835394e+02 
       4.664702941908e-01       2.216720669398e+02 
       4.696839989597e-01       2.184522152035e+02 
       4.728977039303e-01       2.152796142787e+02 
       4.761114090986e-01       2.121601359824e+02 
       4.793251144604e-01       2.090965254225e+02 
       4.825388200119e-01       2.060950640189e+02 
       4.857525257494e-01       2.031594755266e+02 
       4.889662316692e-01       2.002973776746e+02 
       4.921799377677e-01       1.975107938184e+02 
       4.953936440413e-01       1.947982731565e+02 
       4.986073504868e-01       1.921561663071e+02 
       5.018210571008e-01       1.895803556076e+02 
       5.050347638800e-01       1.870602367678e+02 
       5.082484708214e-01       1.845912587543e+02 
       5.114621779218e-01       1.821700605976e+02 
       5.146758851782e-01       1.797909839752e+02 
       5.178895925879e-01       1.774533155286e+02 
       5.211033001478e-01       1.751528240933e+02 
       5.243170078553e-01       1.728857015164e+02 
       5.275307157076e-01       1.706488963569e+02 
       5.307444237021e-01       1.684422758151e+02 
       5.339581318362e-01       1.662647262503e+02 
       5.371718401074e-01       1.641199668420e+02 
       5.403855485133e-01       1.620101014020e+02 
       5.435992570514e-01       1.599399803631e+02 
       5.468129657195e-01       1.579068961628e+02 
       5.500266745152e-01       1.559138725544e+02 
       5.532403834363e-01       1.539601946657e+02 
       5.564540924806e-01       1.520401106235e+02 
       5.596678016460e-01       1.501575281043e+02 
       5.628815109304e-01       1.483107426302e+02 
       5.660952203318e-01       1.465013216153e+02 
       5.693089298482e-01       1.447265519942e+02 
       5.725226394777e-01       1.429860067748e+02 
       5.757363492183e-01       1.412762836228e+02 
       5.789500590682e-01       1.395961130367e+02 
       5.821637690256e-01       1.379415289113e+02 
       5.853774790887e-01       1.363110181106e+02 
       5.885911892558e-01       1.347058458020e+02 
       5.918048995252e-01       1.331251879730e+02 
       5.950186098951e-01       1.315708937773e+02 
       5.982323203641e-01       1.300393491156e+02 
       6.014460309305e-01       1.285314259517e+02 
       6.046597415927e-01       1.270456267111e+02 
       6.078734523492e-01       1.255799781675e+02 
       6.110871631985e-01       1.241369806271e+02 
       6.143008741392e-01       1.227167769050e+02 
       6.175145851698e-01       1.213183218084e+02 
       6.207282962890e-01       1.199459541412e+02 
       6.239420074953e-01       1.185963308804e+02 
       6.271557187875e-01       1.172705596815e+02 
       6.303694301641e-01       1.159663563665e+02 
       6.335831416240e-01       1.146819975300e+02 
       6.367968531658e-01       1.134184284213e+02 
       6.400105647883e-01       1.121745238554e+02 
       6.432242764903e-01       1.109495820098e+02 
       6.464379882706e-01       1.097456520559e+02 
       6.496517001281e-01       1.085595483866e+02 
       6.528654120616e-01       1.073918499783e+02 
       6.560791240700e-01       1.062409118505e+02 
       6.592928361521e-01       1.051049192210e+02 
       6.625065483070e-01       1.039840835806e+02 
       6.657202605335e-01       1.028801090429e+02 
       6.689339728306e-01       1.017922081407e+02 
       6.721476851973e-01       1.007200187598e+02 
       6.753613976327e-01       9.966398321081e+01 
       6.785751101357e-01       9.862397134252e+01 
       6.817888227053e-01       9.759848419230e+01 
       6.850025353407e-01       9.658729582788e+01 
       6.882162480409e-01       9.559004290677e+01 
       6.914299608049e-01       9.460717293209e+01 
       6.946436736321e-01       9.363911508243e+01 
       6.978573865213e-01       9.268607700868e+01 
       7.010710994718e-01       9.174834398418e+01 
       7.042848124828e-01       9.082338448960e+01 
       7.074985255534e-01       8.991164987817e+01 
       7.107122386828e-01       8.901135745767e+01 
       7.139259518702e-01       8.812358453091e+01 
       7.171396651148e-01       8.724771358890e+01 
       7.203533784159e-01       8.638478567790e+01 
       7.235670917727e-01       8.553381555088e+01 
       7.267808051845e-01       8.469532737959e+01 
       7.299945186505e-01       8.386814722045e+01 
       7.332082321701e-01       8.305131353810e+01 
       7.364219457425e-01       8.224498435437e+01 
       7.396356593670e-01       8.144871190677e+01 
       7.428493730429e-01       8.066304933954e+01 
       7.460630867697e-01       7.988850431892e+01 
       7.492768005465e-01       7.912545420697e+01 
       7.524905143729e-01       7.837203994052e+01 
       7.557042282481e-01       7.762922907142e+01 
       7.589179421716e-01       7.689689584347e+01 
       7.621316561427e-01       7.617263696668e+01 
       7.653453701608e-01       7.545750503566e+01 
       7.685590842253e-01       7.475124982957e+01 
       7.717727983357e-01       7.405559987938e+01 
       7.749865124914e-01       7.336940024196e+01 
       7.782002266918e-01       7.269205822220e+01 
       7.814139409363e-01       7.202341771767e+01 
       7.846276552245e-01       7.136330434783e+01 
       7.878413695557e-01       7.071051757309e+01 
       7.910550839296e-01       7.006590506041e+01 
       7.942687983454e-01       6.942969964510e+01 
       7.974825128028e-01       6.880149761707e+01 
       8.006962273012e-01       6.818193994098e+01 
       8.039099418402e-01       6.757030414284e+01 
       8.071236564192e-01       6.696642608159e+01 
       8.103373710378e-01       6.636874318405e+01 
       8.135510856955e-01       6.577853943553e+01 
       8.167648003918e-01       6.519533800053e+01 
       8.199785151263e-01       6.461997988897e+01 
       9.190336526195e-01       4.987890251497e+01 
       1.075900133987e+00       3.470992742460e+01 
       1.325164026380e+00       2.132038318263e+01 
       1.665689344508e+00       1.236958145491e+01 
