# Matter power spectrum P(k) at redshift z=0
# for k=0.000782013 to 65.9862 h/Mpc,
# number of wavenumbers equal to 534
#    1:k (h/Mpc)              2:P (Mpc/h)^3        
       7.820128629789e-04       1.273714678900e-04 
       6.177380985020e-03       1.006048054732e-03 
       1.871948037360e-02       3.045969612589e-03 
       3.155336434215e-02       5.125254667375e-03 
       4.441127162071e-02       7.195963292047e-03 
       5.727587600801e-02       9.252254500542e-03 
       7.014338720251e-02       1.129144972138e-02 
       8.301251649752e-02       1.331174235786e-02 
       9.588271066276e-02       1.531173479695e-02 
       1.087536954248e-01       1.729030896058e-02 
       1.216253211800e-01       1.924658003716e-02 
       1.344975008725e-01       2.117984485910e-02 
       1.473701816621e-01       2.308927571446e-02 
       1.602433307349e-01       2.497462907687e-02 
       1.731169276576e-01       2.683555725483e-02 
       1.859909600074e-01       2.867176077877e-02 
       1.988654207515e-01       3.048304409047e-02 
       2.117403066104e-01       3.226923436016e-02 
       2.246156170001e-01       3.403027368203e-02 
       2.374913533285e-01       3.576607100959e-02 
       2.503675185144e-01       3.747664180433e-02 
       2.632441166529e-01       3.916201687858e-02 
       2.761211527767e-01       4.082224931576e-02 
       2.889986326840e-01       4.245743277316e-02 
       3.018765628120e-01       4.406769204067e-02 
       3.147549501432e-01       4.565316208184e-02 
       3.276338021348e-01       4.721399418068e-02 
       3.405131266660e-01       4.875036600088e-02 
       3.533929319969e-01       5.026260503929e-02 
       3.662732267382e-01       5.175068343397e-02 
       3.791540198270e-01       5.321475207983e-02 
       3.920353205092e-01       5.465510483824e-02 
       4.049171383257e-01       5.607203204158e-02 
       4.177994831018e-01       5.746560782654e-02 
       4.306823649402e-01       5.883618466573e-02 
       4.435657942151e-01       6.018391106468e-02 
       4.564497815691e-01       6.150906301441e-02 
       4.693343379103e-01       6.281182498294e-02 
       4.822194744119e-01       6.409247889277e-02 
       4.951052025121e-01       6.535118111439e-02 
       5.079915339145e-01       6.658824895964e-02 
       5.208784805901e-01       6.780387695093e-02 
       5.337660547789e-01       6.899829748189e-02 
       5.466542689931e-01       7.017174206421e-02 
       5.595431360195e-01       7.132447412314e-02 
       5.724326689237e-01       7.245670310905e-02 
       5.853228810534e-01       7.356865830358e-02 
       5.982137860428e-01       7.466060202058e-02 
       6.111053978168e-01       7.573271880233e-02 
       6.239977305961e-01       7.678523245030e-02 
       6.368907989021e-01       7.781840342287e-02 
       6.497846175617e-01       7.883238602429e-02 
       6.626792017132e-01       7.982748004029e-02 
       6.755745668119e-01       8.080387831118e-02 
       6.884707286356e-01       8.176173226221e-02 
       7.013677032911e-01       8.270132840885e-02 
       7.142655072202e-01       8.362285017085e-02 
       7.271641572061e-01       8.452648868588e-02 
       7.400636703803e-01       8.541246713566e-02 
       7.529640642290e-01       8.628104679754e-02 
       7.658653566004e-01       8.713234063191e-02 
       7.787675657119e-01       8.796659922273e-02 
       7.916707101572e-01       8.878400762606e-02 
       8.045748089141e-01       8.958473794160e-02 
       8.174798813521e-01       9.036897835148e-02 
       8.303859472403e-01       9.113696268221e-02 
       8.432930267557e-01       9.188888031346e-02 
       8.562011404912e-01       9.262488105872e-02 
       8.691103094644e-01       9.334511421004e-02 
       8.820205551259e-01       9.404982676675e-02 
       8.949318993687e-01       9.473915542896e-02 
       9.078443645368e-01       9.541321910654e-02 
       9.207579734348e-01       9.607238704920e-02 
       9.336727493374e-01       9.671665480021e-02 
       9.465887159987e-01       9.734624392814e-02 
       9.595058976629e-01       9.796134035110e-02 
       9.724243190736e-01       9.856209817479e-02 
       9.853440054849e-01       9.914866797340e-02 
       9.982649826716e-01       9.972119414520e-02 
       1.011187276940e+00       1.002798724609e-01 
       1.024110915140e+00       1.008248239834e-01 
       1.037035924674e+00       1.013563057509e-01 
       1.049962333511e+00       1.018743786483e-01 
       1.062890170198e+00       1.023791755843e-01 
       1.075819463871e+00       1.028709510452e-01 
       1.088750244268e+00       1.033497145898e-01 
       1.101682541741e+00       1.038157192667e-01 
       1.114616387272e+00       1.042690905158e-01 
       1.127551812480e+00       1.047099775244e-01 
       1.140488849641e+00       1.051384638852e-01 
       1.153427531699e+00       1.055547589311e-01 
       1.166367892279e+00       1.059589583727e-01 
       1.179309965703e+00       1.063512710567e-01 
       1.192253787005e+00       1.067317185382e-01 
       1.205199391944e+00       1.071005620564e-01 
       1.218146817022e+00       1.074578462857e-01 
       1.231096099498e+00       1.078037246805e-01 
       1.244047277406e+00       1.081383741295e-01 
       1.257000389569e+00       1.084618916413e-01 
       1.269955475615e+00       1.087744046851e-01 
       1.282912576001e+00       1.090760130354e-01 
       1.295871732022e+00       1.093668850296e-01 
       1.308832985833e+00       1.096471593219e-01 
       1.321796380469e+00       1.099168747758e-01 
       1.334761959861e+00       1.101762402854e-01 
       1.347729768856e+00       1.104253555324e-01 
       1.360699853237e+00       1.106643139632e-01 
       1.373672259744e+00       1.108932917819e-01 
       1.386647036093e+00       1.111122880359e-01 
       1.399624230998e+00       1.113215692417e-01 
       1.412603894190e+00       1.115212252568e-01 
       1.425586076446e+00       1.117112754603e-01 
       1.438570829602e+00       1.118919397588e-01 
       1.451558206585e+00       1.120633324157e-01 
       1.464548261429e+00       1.122255176652e-01 
       1.477541049305e+00       1.123785816526e-01 
       1.490536626542e+00       1.125227373915e-01 
       1.503535050655e+00       1.126579285498e-01 
       1.516536380369e+00       1.127844617440e-01 
       1.529540675644e+00       1.129023400221e-01 
       1.542547997708e+00       1.130116063622e-01 
       1.555558409077e+00       1.131124856433e-01 
       1.568571973590e+00       1.132050308922e-01 
       1.581588756433e+00       1.132892872649e-01 
       1.594608824173e+00       1.133655226404e-01 
       1.607632244786e+00       1.134336636566e-01 
       1.620659087686e+00       1.134939710904e-01 
       1.633689423763e+00       1.135464091889e-01 
       1.646723325411e+00       1.135911791179e-01 
       1.659760866563e+00       1.136282928145e-01 
       1.672802122723e+00       1.136579576347e-01 
       1.685847171006e+00       1.136802490165e-01 
       1.698896090169e+00       1.136952130063e-01 
       1.711948960651e+00       1.137028269751e-01 
       1.725005864609e+00       1.137035030209e-01 
       1.738066885957e+00       1.136971260536e-01 
       1.751132110408e+00       1.136839082157e-01 
       1.764201625508e+00       1.136637989634e-01 
       1.777275520687e+00       1.136368211497e-01 
       1.790353887294e+00       1.136034022187e-01 
       1.803436818643e+00       1.135632259650e-01 
       1.816524410060e+00       1.135169312069e-01 
       1.829616758925e+00       1.134640721800e-01 
       1.842713964722e+00       1.134048154879e-01 
       1.855816129087e+00       1.133397422389e-01 
       1.868923355856e+00       1.132683357506e-01 
       1.882035751116e+00       1.131908108136e-01 
       1.895153423258e+00       1.131078032134e-01 
       1.908276483030e+00       1.130188000598e-01 
       1.921405043592e+00       1.129238351817e-01 
       1.934539220570e+00       1.128234045904e-01 
       1.947679132117e+00       1.127173872637e-01 
       1.960824898969e+00       1.126057820581e-01 
       1.973976644509e+00       1.124890438616e-01 
       1.987134494825e+00       1.123670180309e-01 
       2.000298578778e+00       1.122394981220e-01 
       2.013469028065e+00       1.121068495734e-01 
       2.026645977287e+00       1.119692691001e-01 
       2.039829564017e+00       1.118267217837e-01 
       2.053019928874e+00       1.116793367537e-01 
       2.066217215594e+00       1.115270896022e-01 
       2.079421571103e+00       1.113699983837e-01 
       2.092633145598e+00       1.112083809142e-01 
       2.105852092621e+00       1.110420916788e-01 
       2.119078569145e+00       1.108715962638e-01 
       2.132312735656e+00       1.106962845520e-01 
       2.145554756236e+00       1.105167232983e-01 
       2.158804798654e+00       1.103330757743e-01 
       2.172063034457e+00       1.101450506705e-01 
       2.185329639059e+00       1.099530768701e-01 
       2.198604791842e+00       1.097570641660e-01 
       2.211888676252e+00       1.095567633738e-01 
       2.225181479899e+00       1.093528495547e-01 
       2.238483394664e+00       1.091452586896e-01 
       2.251794616805e+00       1.089336894876e-01 
       2.265115347066e+00       1.087184847432e-01 
       2.278445790792e+00       1.084994226481e-01 
       2.291786158047e+00       1.082773550055e-01 
       2.305136663731e+00       1.080511644378e-01 
       2.318497527707e+00       1.078220477939e-01 
       2.331868974927e+00       1.075895453745e-01 
       2.345251235565e+00       1.073534924282e-01 
       2.358644545151e+00       1.071145166845e-01 
       2.372049144709e+00       1.068725918616e-01 
       2.385465280905e+00       1.066273457478e-01 
       2.398893206192e+00       1.063791731575e-01 
       2.412333178963e+00       1.061276973096e-01 
       2.425785463708e+00       1.058740110665e-01 
       2.439250331181e+00       1.056169937450e-01 
       2.452728058561e+00       1.053571241097e-01 
       2.466218929629e+00       1.050951208159e-01 
       2.479723234945e+00       1.048302843492e-01 
       2.493241272033e+00       1.045626568917e-01 
       2.506773345568e+00       1.042924869698e-01 
       2.520319767578e+00       1.040202471478e-01 
       2.533880857640e+00       1.037452244453e-01 
       2.547456943094e+00       1.034681177041e-01 
       2.561048359258e+00       1.031884642241e-01 
       2.574655449648e+00       1.029070899817e-01 
       2.588278566215e+00       1.026231538833e-01 
       2.601918069578e+00       1.023373902603e-01 
       2.615574329275e+00       1.020490414380e-01 
       2.629247724014e+00       1.017594258497e-01 
       2.642938641943e+00       1.014674547386e-01 
       2.656647480915e+00       1.011734883219e-01 
       2.670374648779e+00       1.008779486273e-01 
       2.684120563667e+00       1.005804948164e-01 
       2.697885654299e+00       1.002811261394e-01 
       2.711670360299e+00       9.998053787810e-02 
       2.725475132515e+00       9.967786285567e-02 
       2.739300433360e+00       9.937389626148e-02 
       2.753146737161e+00       9.906839081298e-02 
       2.767014530520e+00       9.876092115738e-02 
       2.780904312690e+00       9.845252808501e-02 
       2.794816595964e+00       9.814225405815e-02 
       2.808751906078e+00       9.783088984086e-02 
       2.822710782634e+00       9.751836342502e-02 
       2.836693779533e+00       9.720443505073e-02 
       2.850701465427e+00       9.688889973789e-02 
       2.864734424191e+00       9.657292488743e-02 
       2.878793255408e+00       9.625546010094e-02 
       2.892878574880e+00       9.593656934802e-02 
       2.906991015152e+00       9.561683907113e-02 
       2.921131226063e+00       9.529627224398e-02 
       2.935299875319e+00       9.497481095187e-02 
       2.949497649080e+00       9.465213373022e-02 
       2.963725252588e+00       9.432866714510e-02 
       2.977983410804e+00       9.400443900207e-02 
       2.992272869081e+00       9.367896711955e-02 
       3.006594393865e+00       9.335324596105e-02 
       3.020948773423e+00       9.302636659282e-02 
       3.035336818603e+00       9.269865104278e-02 
       3.049759363627e+00       9.237055431095e-02 
       3.064217266920e+00       9.204201025689e-02 
       3.078711411974e+00       9.171206744585e-02 
       3.093242708248e+00       9.138216169924e-02 
       3.107812092115e+00       9.105160383233e-02 
       3.122420527845e+00       9.072035758386e-02 
       3.137069008635e+00       9.038879218059e-02 
       3.151758557689e+00       9.005681103434e-02 
       3.166490229347e+00       8.972386932374e-02 
       3.181265110261e+00       8.939113690904e-02 
       3.196084320637e+00       8.905749690882e-02 
       3.210949015531e+00       8.872403420957e-02 
       3.225860386202e+00       8.838956296124e-02 
       3.240819661544e+00       8.805532849146e-02 
       3.255828109577e+00       8.772062046275e-02 
       3.270887039016e+00       8.738546703904e-02 
       3.285997800922e+00       8.705032148899e-02 
       3.301161790430e+00       8.671489006159e-02 
       3.316380448572e+00       8.637914097248e-02 
       3.331655264190e+00       8.604337763300e-02 
       3.346987775952e+00       8.570734319033e-02 
       3.362379574472e+00       8.537120097018e-02 
       3.377832304545e+00       8.503474082318e-02 
       3.393347667501e+00       8.469844339903e-02 
       3.408927423691e+00       8.436202509451e-02 
       3.424573395103e+00       8.402534261897e-02 
       3.440287468133e+00       8.368873712308e-02 
       3.456071596504e+00       8.335185528288e-02 
       3.471927804356e+00       8.301528662312e-02 
       3.487858189513e+00       8.267837254936e-02 
       3.503864926942e+00       8.234176448397e-02 
       3.519950272410e+00       8.200508615072e-02 
       3.536116566369e+00       8.166825736762e-02 
       3.552366238066e+00       8.133168323044e-02 
       3.568701809910e+00       8.099480811914e-02 
       3.585125902108e+00       8.065826722912e-02 
       3.601641237586e+00       8.032161471611e-02 
       3.618250647233e+00       7.998533222981e-02 
       3.634957075466e+00       7.964851840006e-02 
       3.651763586172e+00       7.931212362322e-02 
       3.668673369030e+00       7.897586761069e-02 
       3.685689746258e+00       7.863965319431e-02 
       3.702816179815e+00       7.830336217639e-02 
       3.720056279095e+00       7.796718126655e-02 
       3.737413809157e+00       7.763108459440e-02 
       3.754892699529e+00       7.729498155634e-02 
       3.772497053640e+00       7.695880931140e-02 
       3.790231158935e+00       7.662322492167e-02 
       3.808099497726e+00       7.628726409422e-02 
       3.826106758856e+00       7.595151902932e-02 
       3.844257850231e+00       7.561553678157e-02 
       3.862557912319e+00       7.527997442157e-02 
       3.881012332693e+00       7.494399346633e-02 
       3.899626761712e+00       7.460840916510e-02 
       3.918407129469e+00       7.427260806400e-02 
       3.937359664098e+00       7.393689896068e-02 
       3.956490911602e+00       7.360118500707e-02 
       3.975807757333e+00       7.326529573518e-02 
       3.995317449307e+00       7.292944910820e-02 
       4.015027623525e+00       7.259345823486e-02 
       4.034946331530e+00       7.225770511345e-02 
       4.055082070415e+00       7.192121041142e-02 
       4.075443815571e+00       7.158480228538e-02 
       4.096041056456e+00       7.124837952944e-02 
       4.116883835728e+00       7.091175444432e-02 
       4.137982792137e+00       7.057470911411e-02 
       4.159349207591e+00       7.023742081413e-02 
       4.180995058900e+00       6.989972259646e-02 
       4.202933074763e+00       6.956184124466e-02 
       4.225176798628e+00       6.922337453154e-02 
       4.247740658164e+00       6.888476652963e-02 
       4.270640042187e+00       6.854546190077e-02 
       4.293891385997e+00       6.820589174066e-02 
       4.317512266250e+00       6.786522899101e-02 
       4.341521506639e+00       6.752401374201e-02 
       4.365939295884e+00       6.718231832477e-02 
       4.390787319742e+00       6.683972719944e-02 
       4.416088909079e+00       6.649631558870e-02 
       4.441869206335e+00       6.615188991331e-02 
       4.468155353147e+00       6.580669290260e-02 
       4.494976702392e+00       6.545982633943e-02 
       4.522365058453e+00       6.511220192010e-02 
       4.550354950262e+00       6.476320374767e-02 
       4.578983942503e+00       6.441252561062e-02 
       4.608292991387e+00       6.406044961983e-02 
       4.638326852708e+00       6.370675601001e-02 
       4.669134551398e+00       6.335103500877e-02 
       4.700769923738e+00       6.299371895141e-02 
       4.733292245733e+00       6.263375337813e-02 
       4.766766964056e+00       6.227135306452e-02 
       4.801266549642e+00       6.190674076344e-02 
       4.836871498541e+00       6.153879730742e-02 
       4.873671510365e+00       6.116805024802e-02 
       4.911766881874e+00       6.079401506283e-02 
       4.951270162358e+00       6.041596703294e-02 
       4.992308129067e+00       6.003387582084e-02 
       5.035024155649e+00       5.964757887984e-02 
       5.079581065353e+00       5.925581464456e-02 
       5.126164584672e+00       5.885864706232e-02 
       5.174987543573e+00       5.845537763986e-02 
       5.226295006992e+00       5.804472027825e-02 
       5.280370570612e+00       5.762615529569e-02 
       5.337544113451e+00       5.719879580338e-02 
       5.398201370715e+00       5.676092825014e-02 
       5.462795770182e+00       5.631081052269e-02 
       5.531863054552e+00       5.584681060638e-02 
       5.606039267310e+00       5.536639817773e-02 
       5.686082658370e+00       5.486609998232e-02 
       5.772899860175e+00       5.434140461340e-02 
       5.867576083565e+00       5.378740895384e-02 
       5.971407693629e+00       5.319640580322e-02 
       6.085932675464e+00       5.255899676796e-02 
       6.212949174625e+00       5.186140209258e-02 
       6.354503378344e+00       5.108665663268e-02 
       6.512815469571e+00       5.021148419012e-02 
       6.690100683545e+00       4.920706202747e-02 
       6.888246504623e+00       4.803902693078e-02 
       7.108354582744e+00       4.667274718296e-02 
       7.350266264146e+00       4.508171492224e-02 
       7.612312701487e+00       4.325854421494e-02 
       7.891513369847e+00       4.122565760735e-02 
       8.184198611832e+00       3.903765534490e-02 
       8.486745737551e+00       3.677372141226e-02 
       8.796095134840e+00       3.452394608755e-02 
       9.109936077960e+00       3.237374812839e-02 
       9.426653880380e+00       3.039287509177e-02 
       9.745177423245e+00       2.862967849865e-02 
       1.006481974076e+01       2.710861928636e-02 
       1.038514956303e+01       2.583208222532e-02 
       1.070589972819e+01       2.478400901933e-02 
       1.102690609125e+01       2.393339302832e-02 
       1.134806830826e+01       2.324003982051e-02 
       1.166932522623e+01       2.265776023271e-02 
       1.199063964626e+01       2.213953989428e-02 
       1.231198896629e+01       2.164126813441e-02 
       1.263335946282e+01       2.112556909076e-02 
       1.295474280673e+01       2.056538277585e-02 
       1.327613394417e+01       1.994497398531e-02 
       1.359752980907e+01       1.926096158758e-02 
       1.391892854152e+01       1.852132523301e-02 
       1.424032901330e+01       1.774261583220e-02 
       1.456173054008e+01       1.694714673239e-02 
       1.488313270680e+01       1.615911348979e-02 
       1.520453526168e+01       1.540205698480e-02 
       1.552593805201e+01       1.469587402677e-02 
       1.584734098517e+01       1.405541071988e-02 
       1.616874400498e+01       1.348952282204e-02 
       1.649014707736e+01       1.300079415153e-02 
       1.681155018165e+01       1.258621187155e-02 
       1.713295330531e+01       1.223788389086e-02 
       1.745435644073e+01       1.194428921746e-02 
       1.777575958329e+01       1.169175709744e-02 
       1.809716273021e+01       1.146564382463e-02 
       1.841856587978e+01       1.125295241049e-02 
       1.873996903097e+01       1.104124832888e-02 
       1.906137218315e+01       1.081821751270e-02 
       1.938277533594e+01       1.057673763186e-02 
       1.970417848912e+01       1.031337360227e-02 
       2.002558164254e+01       1.002860781172e-02 
       2.034698479612e+01       9.726508336369e-03 
       2.066838794980e+01       9.413538514154e-03 
       2.098979110356e+01       9.097306815554e-03 
       2.131119425736e+01       8.785913574376e-03 
       2.163259741121e+01       8.486300056384e-03 
       2.195400056508e+01       8.204018493273e-03 
       2.227540371899e+01       7.943503589261e-03 
       2.259680687291e+01       7.706669208026e-03 
       2.291821002686e+01       7.494748758236e-03 
       2.323961318083e+01       7.306956442910e-03 
       2.356101633481e+01       7.141105047677e-03 
       2.388241948881e+01       6.993905343518e-03 
       2.420382264283e+01       6.861026674688e-03 
       2.452522579686e+01       6.737672521068e-03 
       2.484662895091e+01       6.619233488554e-03 
       2.516803210496e+01       6.501681923528e-03 
       2.548943525904e+01       6.381739140705e-03 
       2.581083841312e+01       6.257304484774e-03 
       2.613224156722e+01       6.127382758151e-03 
       2.645364472133e+01       5.992007799453e-03 
       2.677504787545e+01       5.851853425058e-03 
       2.709645102958e+01       5.708658304690e-03 
       2.741785418373e+01       5.564315566274e-03 
       2.773925733788e+01       5.421221772386e-03 
       2.806066049204e+01       5.281793544896e-03 
       2.838206364622e+01       5.148191460241e-03 
       2.870346680040e+01       5.022134170193e-03 
       2.902486995459e+01       4.904702967107e-03 
       2.934627310879e+01       4.796193061321e-03 
       2.966767626299e+01       4.696291873750e-03 
       2.998907941721e+01       4.604235736297e-03 
       3.031048257143e+01       4.518897985544e-03 
       3.063188572566e+01       4.439010973821e-03 
       3.095328887990e+01       4.363123701712e-03 
       3.127469203415e+01       4.289950489438e-03 
       3.159609518840e+01       4.218224897122e-03 
       3.191749834266e+01       4.146810909701e-03 
       3.223890149692e+01       4.074867248684e-03 
       3.256030465119e+01       4.001877737468e-03 
       3.288170780547e+01       3.927708117067e-03 
       3.320311095975e+01       3.852560954677e-03 
       3.352451411404e+01       3.776951447689e-03 
       3.384591726834e+01       3.701550729757e-03 
       3.416732042264e+01       3.627032086715e-03 
       3.448872357694e+01       3.554069787452e-03 
       3.481012673125e+01       3.483225847321e-03 
       3.513152988557e+01       3.414998828731e-03 
       3.545293303989e+01       3.349681514542e-03 
       3.577433619421e+01       3.287559040852e-03 
       3.609573934854e+01       3.228670537990e-03 
       3.641714250288e+01       3.172906448009e-03 
       3.673854565722e+01       3.119973696048e-03 
       3.705994881156e+01       3.069451900588e-03 
       3.738135196591e+01       3.020841733297e-03 
       3.770275512026e+01       2.973606299455e-03 
       3.802415827461e+01       2.927374477493e-03 
       3.834556142897e+01       2.881773341642e-03 
       3.866696458333e+01       2.836567582364e-03 
       3.898836773770e+01       2.791649055378e-03 
       3.930977089207e+01       2.746919830927e-03 
       3.963117404644e+01       2.702399367370e-03 
       3.995257720082e+01       2.658110021668e-03 
       4.027398035520e+01       2.614182969808e-03 
       4.059538350958e+01       2.570770151055e-03 
       4.091678666396e+01       2.528097209393e-03 
       4.123818981835e+01       2.486352549272e-03 
       4.155959297274e+01       2.445727945803e-03 
       4.188099612714e+01       2.406313275198e-03 
       4.220239928154e+01       2.368166903221e-03 
       4.252380243594e+01       2.331268534846e-03 
       4.284520559034e+01       2.295577033100e-03 
       4.316660874475e+01       2.261025980508e-03 
       4.348801189915e+01       2.227539267238e-03 
       4.380941505356e+01       2.195078771607e-03 
       4.413081820798e+01       2.163501927810e-03 
       4.445222136239e+01       2.132701194363e-03 
       4.477362451681e+01       2.102547063118e-03 
       4.509502767123e+01       2.072904132604e-03 
       4.541643082566e+01       2.043653886075e-03 
       4.573783398008e+01       2.014746201969e-03 
       4.605923713451e+01       1.986148290289e-03 
       4.638064028894e+01       1.957884542255e-03 
       4.670204344337e+01       1.929968690342e-03 
       4.702344659780e+01       1.902443764271e-03 
       4.734484975224e+01       1.875326039305e-03 
       4.766625290668e+01       1.848650175933e-03 
       4.798765606111e+01       1.822449797792e-03 
       4.830905921556e+01       1.796765739056e-03 
       4.863046237000e+01       1.771676299277e-03 
       4.895186552444e+01       1.747193596049e-03 
       4.927326867889e+01       1.723364341650e-03 
       4.959467183334e+01       1.700167373233e-03 
       4.991607498779e+01       1.677571062447e-03 
       5.023747814224e+01       1.655507042500e-03 
       5.055888129669e+01       1.633920485588e-03 
       5.088028445115e+01       1.612768329315e-03 
       5.120168760561e+01       1.592010108994e-03 
       5.152309076006e+01       1.571607503754e-03 
       5.184449391452e+01       1.551547283270e-03 
       5.216589706899e+01       1.531795069470e-03 
       5.248730022345e+01       1.512334064281e-03 
       5.280870337791e+01       1.493110273570e-03 
       5.313010653238e+01       1.474138346329e-03 
       5.345150968685e+01       1.455422241725e-03 
       5.377291284131e+01       1.436983886519e-03 
       5.409431599578e+01       1.418859194464e-03 
       5.441571915025e+01       1.401052246906e-03 
       5.473712230473e+01       1.383586865624e-03 
       5.505852545920e+01       1.366440370049e-03 
       5.537992861368e+01       1.349616016732e-03 
       5.570133176815e+01       1.333114651185e-03 
       5.602273492263e+01       1.316904846555e-03 
       5.634413807711e+01       1.301020556425e-03 
       5.666554123159e+01       1.285439241079e-03 
       5.698694438607e+01       1.270157040048e-03 
       5.730834754055e+01       1.255165466045e-03 
       5.762975069503e+01       1.240440577865e-03 
       5.795115384952e+01       1.225949567682e-03 
       5.827255700400e+01       1.211676985034e-03 
       5.859396015849e+01       1.197614555752e-03 
       5.891536331298e+01       1.183769682230e-03 
       5.923676646746e+01       1.170130150167e-03 
       5.955816962195e+01       1.156701353678e-03 
       5.987957277644e+01       1.143482822612e-03 
       6.020097593094e+01       1.130456120920e-03 
       6.052237908543e+01       1.117616016419e-03 
       6.084378223992e+01       1.104964212194e-03 
       6.116518539442e+01       1.092489901373e-03 
       6.148658854891e+01       1.080212731007e-03 
       6.180799170341e+01       1.068137769289e-03 
       6.212939485790e+01       1.056268763124e-03 
       6.245079801240e+01       1.044606883572e-03 
       6.277220116690e+01       1.033139945822e-03 
       6.309360432140e+01       1.021856100444e-03 
       6.341500747590e+01       1.010744670751e-03 
       6.373641063040e+01       9.998051211057e-04 
       6.405781378490e+01       9.890357296555e-04 
       6.437921693940e+01       9.784358592680e-04 
       6.470062009391e+01       9.680067016126e-04 
       6.502202324841e+01       9.577385300561e-04 
       6.534342640292e+01       9.476177852427e-04 
       6.566482955742e+01       9.376386402353e-04 
       6.598623271193e+01       9.277886119524e-04 
