# Matter power spectrum P(k) at redshift z=0
# for k=1.02433e-05 to 1.06392 h/Mpc,
# number of wavenumbers equal to 603
#    1:k (h/Mpc)              2:P (Mpc/h)^3        
       1.024331098040e-05       5.196798290976e+01 
       2.289341478187e-05       1.134016177666e+02 
       3.558637828347e-05       1.739718738035e+02 
       4.835513699027e-05       2.342334569666e+02 
       6.123315155029e-05       2.945119016390e+02 
       7.425469555454e-05       3.550572022885e+02 
       8.745515222115e-05       4.160867064657e+02 
       1.008713237805e-04       4.778033757974e+02 
       1.145417574080e-04       5.404047348510e+02 
       1.285070915825e-04       6.040886996968e+02 
       1.428104267618e-04       6.690575570025e+02 
       1.574977242242e-04       7.355211217401e+02 
       1.726182367938e-04       8.036996208345e+02 
       1.882249748794e-04       8.738263325486e+02 
       2.043752107422e-04       9.461500256916e+02 
       2.211310230572e-04       1.020937738944e+03 
       2.385598825162e-04       1.098477294418e+03 
       2.567352772576e-04       1.179080207139e+03 
       2.757373740878e-04       1.263084410093e+03 
       2.956537075081e-04       1.350857225216e+03 
       3.165798831805e-04       1.442798281642e+03 
       3.386202753060e-04       1.539342250437e+03 
       3.618886881323e-04       1.640961457799e+03 
       3.865089401776e-04       1.748167878954e+03 
       4.126153156893e-04       1.861514442955e+03 
       4.403528115958e-04       1.981595150235e+03 
       4.698770906137e-04       2.109043650559e+03 
       5.013540339362e-04       2.244529411169e+03 
       5.349587729507e-04       2.388751348682e+03 
       5.708740729982e-04       2.542427844257e+03 
       6.092879490252e-04       2.706282827612e+03 
       6.503904197134e-04       2.881027672608e+03 
       6.943693596287e-04       3.067338651248e+03 
       7.414054919686e-04       3.265830784833e+03 
       7.916666760306e-04       3.477029090913e+03 
       8.453017736525e-04       3.701339264005e+03 
       9.024345075995e-04       3.939019977443e+03 
       9.631578236845e-04       4.190159900777e+03 
       1.027529306089e-03       4.454661797346e+03 
       1.095568147757e-03       4.732236123419e+03 
       1.167254038391e-03       5.022404952567e+03 
       1.242528119362e-03       5.324516207171e+03 
       1.321295907915e-03       5.637763792021e+03 
       1.403431864042e-03       5.961188731343e+03 
       1.488785108661e-03       6.293816305406e+03 
       1.577185728604e-03       6.634581110598e+03 
       1.668451123784e-03       6.982395412756e+03 
       1.762391944491e-03       7.336175770465e+03 
       1.858817299929e-03       7.694865891363e+03 
       1.957539060190e-03       8.057454787681e+03 
       2.058375198415e-03       8.422989233443e+03 
       2.161152214214e-03       8.790581689034e+03 
       2.265706740149e-03       9.159415144020e+03 
       2.371886463777e-03       9.528744780516e+03 
       2.479550505372e-03       9.897896294054e+03 
       2.588569383765e-03       1.026626407214e+04 
       2.698824686433e-03       1.063330700393e+04 
       2.810208540111e-03       1.099854493154e+04 
       2.922622958205e-03       1.136155313473e+04 
       3.035979123043e-03       1.172195791896e+04 
       3.150196645451e-03       1.207943169065e+04 
       3.265202831517e-03       1.243368759263e+04 
       3.380931976516e-03       1.278447719819e+04 
       3.497324698498e-03       1.313158414462e+04 
       3.614327318557e-03       1.347482260188e+04 
       3.731891290872e-03       1.381403114668e+04 
       3.849972682916e-03       1.414907389293e+04 
       3.968531704450e-03       1.447983625838e+04 
       4.087532282786e-03       1.480621612460e+04 
       4.206941681190e-03       1.512813792362e+04 
       4.326730156941e-03       1.544552981068e+04 
       4.446870655561e-03       1.575834029833e+04 
       4.567338537726e-03       1.606653005713e+04 
       4.688111335584e-03       1.637006149550e+04 
       4.809168535411e-03       1.666892098252e+04 
       4.930491383786e-03       1.696308948254e+04 
       5.052062714695e-03       1.725255430118e+04 
       5.173866795276e-03       1.753732577458e+04 
       5.295889188097e-03       1.781740749570e+04 
       5.418116628119e-03       1.809280331111e+04 
       5.540536912693e-03       1.836353078505e+04 
       5.663138803110e-03       1.862960641613e+04 
       5.785911936418e-03       1.889105487576e+04 
       5.908846746339e-03       1.914789747056e+04 
       6.031934392283e-03       1.940015744602e+04 
       6.155166695546e-03       1.964787794689e+04 
       6.278536081907e-03       1.989089864401e+04 
       6.402035529922e-03       2.012978440371e+04 
       6.525658524287e-03       2.036404323511e+04 
       6.649399013728e-03       2.059388384214e+04 
       6.773251372941e-03       2.081933081769e+04 
       6.897210368132e-03       2.104044176132e+04 
       7.021271125799e-03       2.125724201394e+04 
       7.145429104413e-03       2.146970755803e+04 
       7.269680068687e-03       2.167803206411e+04 
       7.394020066187e-03       2.188212247200e+04 
       7.518445406039e-03       2.208210788068e+04 
       7.642952639520e-03       2.227788457827e+04 
       7.767538542352e-03       2.246973824762e+04 
       7.892200098535e-03       2.265750383537e+04 
       8.016934485560e-03       2.284125922164e+04 
       8.141739060878e-03       2.302112136452e+04 
       8.266611349507e-03       2.319719753487e+04 
       8.391549032657e-03       2.336927850656e+04 
       8.516549937304e-03       2.353731838904e+04 
       8.641612026597e-03       2.370197238652e+04 
       8.766733391042e-03       2.386272967207e+04 
       8.891912240391e-03       2.401959636170e+04 
       9.017146896160e-03       2.417315354407e+04 
       9.142435784744e-03       2.432281880222e+04 
       9.267777431051e-03       2.446906571317e+04 
       9.393170452632e-03       2.461171712725e+04 
       9.518613554256e-03       2.475084601874e+04 
       9.644105522886e-03       2.488649235710e+04 
       9.769645223041e-03       2.501875682811e+04 
       9.895231592489e-03       2.514754524303e+04 
       1.002086363827e-02       2.527304628540e+04 
       1.014654043298e-02       2.539523172914e+04 
       1.027226111139e-02       2.551413215907e+04 
       1.039802486720e-02       2.562969588446e+04 
       1.052383095015e-02       2.574215368847e+04 
       1.064967866322e-02       2.585148289453e+04 
       1.077556736014e-02       2.595771919815e+04 
       1.090149644294e-02       2.606072017774e+04 
       1.102746535984e-02       2.616073122511e+04 
       1.115347360311e-02       2.625769522127e+04 
       1.127952070724e-02       2.635171051918e+04 
       1.140560624710e-02       2.644287269344e+04 
       1.153172983633e-02       2.653101036634e+04 
       1.165789112578e-02       2.661626954190e+04 
       1.178408980210e-02       2.669865133228e+04 
       1.191032558640e-02       2.677821753734e+04 
       1.203659823300e-02       2.685500686080e+04 
       1.216290752829e-02       2.692904157918e+04 
       1.228925328966e-02       2.700034788810e+04 
       1.241563536453e-02       2.706900113027e+04 
       1.254205362936e-02       2.713495829522e+04 
       1.266850798886e-02       2.719830639716e+04 
       1.279499837517e-02       2.725907366466e+04 
       1.292152474713e-02       2.731725086399e+04 
       1.304808708958e-02       2.737280571807e+04 
       1.317468541277e-02       2.742596925764e+04 
       1.330131975176e-02       2.747674495812e+04 
       1.342799016586e-02       2.752488940722e+04 
       1.355469673821e-02       2.757081485447e+04 
       1.368143957526e-02       2.761425883818e+04 
       1.380821880643e-02       2.765513567613e+04 
       1.393503458368e-02       2.769398677508e+04 
       1.406188708120e-02       2.773057922867e+04 
       1.418877649514e-02       2.776477891785e+04 
       1.431570304328e-02       2.779677025874e+04 
       1.444266696485e-02       2.782640679378e+04 
       1.456966852027e-02       2.785408646103e+04 
       1.469670799100e-02       2.787954326053e+04 
       1.482378567941e-02       2.790284221804e+04 
       1.495090190857e-02       2.792405135535e+04 
       1.507805702225e-02       2.794319831612e+04 
       1.520525138476e-02       2.796026246056e+04 
       1.533248538092e-02       2.797532613713e+04 
       1.545975941604e-02       2.798839758083e+04 
       1.558707391589e-02       2.799950697635e+04 
       1.571442932673e-02       2.800865045039e+04 
       1.584182611529e-02       2.801580642900e+04 
       1.596926476888e-02       2.802125792135e+04 
       1.609674579542e-02       2.802465872698e+04 
       1.622426972353e-02       2.802640689517e+04 
       1.635183710265e-02       2.802626315266e+04 
       1.647944850314e-02       2.802431493673e+04 
       1.660710451645e-02       2.802046237805e+04 
       1.673480575524e-02       2.801516329070e+04 
       1.686255285362e-02       2.800789630024e+04 
       1.699034646726e-02       2.799914167918e+04 
       1.711818727365e-02       2.798863290142e+04 
       1.724607597234e-02       2.797646777122e+04 
       1.737401328514e-02       2.796262992503e+04 
       1.750199995640e-02       2.794729079868e+04 
       1.763003675330e-02       2.793034879499e+04 
       1.775812446613e-02       2.791180457455e+04 
       1.788626390857e-02       2.789172344918e+04 
       1.801445591809e-02       2.787016484489e+04 
       1.814270135622e-02       2.784716194458e+04 
       1.827100110893e-02       2.782282266445e+04 
       1.839935608703e-02       2.779683385965e+04 
       1.852776722653e-02       2.776959659111e+04 
       1.865623548909e-02       2.774088999159e+04 
       1.878476186238e-02       2.771081830055e+04 
       1.891334736061e-02       2.767937122523e+04 
       1.904199302493e-02       2.764648641833e+04 
       1.917069992391e-02       2.761251836573e+04 
       1.929946915408e-02       2.757714867292e+04 
       1.942830184043e-02       2.754054981111e+04 
       1.955719913691e-02       2.750267539251e+04 
       1.968616222705e-02       2.746362222586e+04 
       1.981519232446e-02       2.742333415397e+04 
       1.994429067350e-02       2.738171550881e+04 
       2.007345854982e-02       2.733919547461e+04 
       2.020269726106e-02       2.729543340097e+04 
       2.033200814746e-02       2.725050820244e+04 
       2.046139258258e-02       2.720454168144e+04 
       2.059085197394e-02       2.715745786347e+04 
       2.072038776380e-02       2.710933683352e+04 
       2.085000142991e-02       2.706009690306e+04 
       2.097969448621e-02       2.700987039461e+04 
       2.110946848371e-02       2.695866271686e+04 
       2.123932501125e-02       2.690620964697e+04 
       2.136926569637e-02       2.685299469320e+04 
       2.149929220621e-02       2.679914324041e+04 
       2.162940624835e-02       2.674409326692e+04 
       2.175960957178e-02       2.668791296569e+04 
       2.188990396787e-02       2.663114860878e+04 
       2.202029127131e-02       2.657336271683e+04 
       2.215077336118e-02       2.651462282866e+04 
       2.228135216196e-02       2.645526798937e+04 
       2.241202964466e-02       2.639502136192e+04 
       2.254280782788e-02       2.633383147092e+04 
       2.267368877902e-02       2.627203107241e+04 
       2.280467461543e-02       2.620940122256e+04 
       2.293576750566e-02       2.614587101358e+04 
       2.306696967071e-02       2.608172186645e+04 
       2.319828338535e-02       2.601681102268e+04 
       2.332971097946e-02       2.595111183172e+04 
       2.346125483942e-02       2.588492286849e+04 
       2.359291740954e-02       2.581803423500e+04 
       2.372470119354e-02       2.575026299558e+04 
       2.385660875612e-02       2.568195952685e+04 
       2.398864272446e-02       2.561303361148e+04 
       2.412080578991e-02       2.554340548990e+04 
       2.425310070965e-02       2.547317062878e+04 
       2.438553030843e-02       2.540257590091e+04 
       2.451809748036e-02       2.533128881892e+04 
       2.465080519076e-02       2.525936684261e+04 
       2.478365647810e-02       2.518693357591e+04 
       2.491665445594e-02       2.511398136380e+04 
       2.504980231499e-02       2.504038212382e+04 
       2.518310332524e-02       2.496653537311e+04 
       2.531656083812e-02       2.489206210800e+04 
       2.545017828877e-02       2.481701585591e+04 
       2.558395919837e-02       2.474163552208e+04 
       2.571790717659e-02       2.466587571060e+04 
       2.585202592402e-02       2.458959861956e+04 
       2.598631923485e-02       2.451290349704e+04 
       2.612079099947e-02       2.443581564595e+04 
       2.625544520729e-02       2.435817339723e+04 
       2.639028594958e-02       2.428036944785e+04 
       2.652531742248e-02       2.420208360721e+04 
       2.666054393006e-02       2.412338673739e+04 
       2.679596988752e-02       2.404444290781e+04 
       2.693159982448e-02       2.396501481702e+04 
       2.706743838847e-02       2.388535580804e+04 
       2.720349034841e-02       2.380550240730e+04 
       2.733976059836e-02       2.372515215109e+04 
       2.747625416135e-02       2.364471670427e+04 
       2.761297619331e-02       2.356386885643e+04 
       2.774993198724e-02       2.348276248074e+04 
       2.788712697749e-02       2.340136644729e+04 
       2.802456674418e-02       2.331962695421e+04 
       2.816225701787e-02       2.323779128436e+04 
       2.830020368434e-02       2.315575233288e+04 
       2.843841278959e-02       2.307344787746e+04 
       2.857689054503e-02       2.299081945405e+04 
       2.871564333291e-02       2.290815323593e+04 
       2.885467771191e-02       2.282519288295e+04 
       2.899400042301e-02       2.274203218123e+04 
       2.913361839562e-02       2.265873083389e+04 
       2.927353875385e-02       2.257539224358e+04 
       2.941376882319e-02       2.249184503724e+04 
       2.955431613740e-02       2.240809267123e+04 
       2.969518844565e-02       2.232421365253e+04 
       2.983639372007e-02       2.224020470454e+04 
       2.997794016354e-02       2.215599960298e+04 
       3.011983621786e-02       2.207182771008e+04 
       3.026209057227e-02       2.198744810446e+04 
       3.040471217237e-02       2.190295459675e+04 
       3.054771022940e-02       2.181840656531e+04 
       3.069109422996e-02       2.173371331548e+04 
       3.083487394621e-02       2.164902537057e+04 
       3.097905944647e-02       2.156417841187e+04 
       3.112366110636e-02       2.147934381779e+04 
       3.126868962049e-02       2.139451289829e+04 
       3.141415601460e-02       2.130947391703e+04 
       3.156007165842e-02       2.122444023590e+04 
       3.170644827903e-02       2.113937964966e+04 
       3.185329797497e-02       2.105426841228e+04 
       3.200063323095e-02       2.096915934703e+04 
       3.214846693338e-02       2.088403423382e+04 
       3.229681238663e-02       2.079890465168e+04 
       3.244568333014e-02       2.071368846347e+04 
       3.259509395636e-02       2.062852612708e+04 
       3.274505892970e-02       2.054334606917e+04 
       3.289559340642e-02       2.045807632274e+04 
       3.304671305556e-02       2.037291633821e+04 
       3.319843408102e-02       2.028769823463e+04 
       3.335077324485e-02       2.020252399382e+04 
       3.350374789173e-02       2.011740307787e+04 
       3.365737597492e-02       2.003226148806e+04 
       3.381167608357e-02       1.994711881639e+04 
       3.396666747158e-02       1.986210215355e+04 
       3.412237008815e-02       1.977698033530e+04 
       3.427880461006e-02       1.969201524011e+04 
       3.443599247586e-02       1.960688208781e+04 
       3.459395592204e-02       1.952203758505e+04 
       3.475271802137e-02       1.943711927559e+04 
       3.491230272364e-02       1.935221304321e+04 
       3.507273489876e-02       1.926744167261e+04 
       3.523404038259e-02       1.918263418042e+04 
       3.539624602570e-02       1.909792563853e+04 
       3.555937974511e-02       1.901319600791e+04 
       3.572347057947e-02       1.892859621579e+04 
       3.588854874771e-02       1.884401268619e+04 
       3.605464571165e-02       1.875947147253e+04 
       3.622179424274e-02       1.867481883194e+04 
       3.639002849334e-02       1.859047945137e+04 
       3.655938407283e-02       1.850608116998e+04 
       3.672989812909e-02       1.842178547619e+04 
       3.690160943559e-02       1.833738805523e+04 
       3.707455848483e-02       1.825318742847e+04 
       3.724878758841e-02       1.816897757986e+04 
       3.742434098452e-02       1.808487216446e+04 
       3.760126495339e-02       1.800074978811e+04 
       3.777960794145e-02       1.791667681062e+04 
       3.795942069501e-02       1.783266302400e+04 
       3.814075640428e-02       1.774861312357e+04 
       3.832367085882e-02       1.766458601692e+04 
       3.850822261535e-02       1.758069646183e+04 
       3.869447317927e-02       1.749682891618e+04 
       3.888248720110e-02       1.741290346295e+04 
       3.907233268946e-02       1.732904493631e+04 
       3.926408124216e-02       1.724518099014e+04 
       3.945780829733e-02       1.716139198854e+04 
       3.965359340661e-02       1.707758571409e+04 
       3.985152053289e-02       1.699366539001e+04 
       4.005167837510e-02       1.690971781407e+04 
       4.025416072311e-02       1.682594249642e+04 
       4.045906684615e-02       1.674205486237e+04 
       4.066650191839e-02       1.665805717908e+04 
       4.087657748628e-02       1.657415720039e+04 
       4.108941198229e-02       1.649010620696e+04 
       4.130513129085e-02       1.640603823876e+04 
       4.152386937272e-02       1.632195589797e+04 
       4.174576895526e-02       1.623771106820e+04 
       4.197098229683e-02       1.615336242262e+04 
       4.219967203504e-02       1.606894145011e+04 
       4.243201212994e-02       1.598433099210e+04 
       4.266818891499e-02       1.589960539940e+04 
       4.290840227065e-02       1.581487072904e+04 
       4.315286693790e-02       1.572979953849e+04 
       4.340181399181e-02       1.564469393115e+04 
       4.365549249878e-02       1.555926606095e+04 
       4.391417138488e-02       1.547363873142e+04 
       4.417814154800e-02       1.538779599831e+04 
       4.444771825197e-02       1.530161861933e+04 
       4.472324384809e-02       1.521523462142e+04 
       4.500509087813e-02       1.512848711761e+04 
       4.529366562309e-02       1.504136428661e+04 
       4.558941217476e-02       1.495383644444e+04 
       4.589281712301e-02       1.486592951270e+04 
       4.620441497033e-02       1.477755270923e+04 
       4.652479440948e-02       1.468863450269e+04 
       4.685460562907e-02       1.459923713084e+04 
       4.719456884880e-02       1.450911636885e+04 
       4.754548433186e-02       1.441828621460e+04 
       4.790824417968e-02       1.432684563829e+04 
       4.828384628687e-02       1.423464181846e+04 
       4.867341092631e-02       1.414148961345e+04 
       4.907820055106e-02       1.404734388435e+04 
       4.949964354861e-02       1.395221976504e+04 
       4.993936287235e-02       1.385581675787e+04 
       5.039921071698e-02       1.375801132591e+04 
       5.088131071157e-02       1.365885658932e+04 
       5.138810949274e-02       1.355796201625e+04 
       5.192244000680e-02       1.345515572189e+04 
       5.248759948652e-02       1.335021090191e+04 
       5.308744575683e-02       1.324268748855e+04 
       5.372651631182e-02       1.313236468006e+04 
       5.441017537039e-02       1.301862294995e+04 
       5.514479460444e-02       1.290085819967e+04 
       5.593797288231e-02       1.277834851049e+04 
       5.679879803282e-02       1.265001198777e+04 
       5.773814707722e-02       1.251448441722e+04 
       5.876900648426e-02       1.237007287796e+04 
       5.990676379434e-02       1.221424528935e+04 
       6.116936615310e-02       1.204390839251e+04 
       6.257714928660e-02       1.185464200205e+04 
       6.415201487687e-02       1.164097988967e+04 
       6.591552731218e-02       1.139571157670e+04 
       6.788557375978e-02       1.111089912313e+04 
       7.007176563457e-02       1.077828118445e+04 
       7.247090055392e-02       1.039191244002e+04 
       7.506493125528e-02       9.950943531152e+03 
       7.782346549712e-02       9.461593202814e+03 
       8.071019081642e-02       8.937703582074e+03 
       8.368998706512e-02       8.398864171859e+03 
       8.673362618163e-02       7.866353128122e+03 
       8.981926082083e-02       7.360275998898e+03 
       9.293173022556e-02       6.896634724417e+03 
       9.606102232916e-02       6.486151229629e+03 
       9.920073361237e-02       6.133865561474e+03 
       1.023468504964e-01       5.839797334357e+03 
       1.054968887376e-01       5.599547291976e+03 
       1.086493224463e-01       5.405531021743e+03 
       1.118032186897e-01       5.247832131315e+03 
       1.149580085922e-01       5.115613903019e+03 
       1.181133457598e-01       4.997634771711e+03 
       1.212690193849e-01       4.883614615235e+03 
       1.244249011558e-01       4.764929433602e+03 
       1.275809129115e-01       4.635334014045e+03 
       1.307370069664e-01       4.491443237954e+03 
       1.338931541553e-01       4.332620092333e+03 
       1.370493365709e-01       4.161014500781e+03 
       1.402055431549e-01       3.980555208195e+03 
       1.433617670207e-01       3.796563717407e+03 
       1.465180038266e-01       3.614770451901e+03 
       1.496742507885e-01       3.440593687026e+03 
       1.528305060789e-01       3.278686055714e+03 
       1.559867684615e-01       3.132364822771e+03 
       1.591430370684e-01       3.003578593761e+03 
       1.622993112640e-01       2.892773569908e+03 
       1.654555905617e-01       2.799191714801e+03 
       1.686118745729e-01       2.720927558528e+03 
       1.717681629747e-01       2.655218772465e+03 
       1.749244554905e-01       2.598840290798e+03 
       1.780807518771e-01       2.548424177613e+03 
       1.812370519171e-01       2.501099479734e+03 
       1.843933554128e-01       2.453617791669e+03 
       1.875496621833e-01       2.403356900530e+03 
       1.907059720617e-01       2.348700726749e+03 
       1.938622848930e-01       2.288879798760e+03 
       1.970186005330e-01       2.224120389359e+03 
       2.001749188472e-01       2.155370981845e+03 
       2.033312397097e-01       2.084159599028e+03 
       2.064875630024e-01       2.012273999320e+03 
       2.096438886146e-01       1.941587227941e+03 
       2.128002164423e-01       1.873663541560e+03 
       2.159565463876e-01       1.809774546807e+03 
       2.191128783582e-01       1.750908543898e+03 
       2.222692122672e-01       1.697594440894e+03 
       2.254255480327e-01       1.650044938447e+03 
       2.285818855772e-01       1.608027579974e+03 
       2.317382248275e-01       1.571084409354e+03 
       2.348945657145e-01       1.538402906300e+03 
       2.380509081724e-01       1.508977580685e+03 
       2.412072521394e-01       1.481687112306e+03 
       2.443635975565e-01       1.455466450876e+03 
       2.475199443679e-01       1.429411163587e+03 
       2.506762925206e-01       1.402742995082e+03 
       2.538326419643e-01       1.375020052456e+03 
       2.569889926512e-01       1.345996435848e+03 
       2.601453445356e-01       1.315696851659e+03 
       2.633016975742e-01       1.284271366736e+03 
       2.664580517259e-01       1.252103288681e+03 
       2.696144069513e-01       1.219677146891e+03 
       2.727707632129e-01       1.187536925007e+03 
       2.759271204749e-01       1.156250431639e+03 
       2.790834787032e-01       1.126322267040e+03 
       2.822398378652e-01       1.098127960582e+03 
       2.853961979298e-01       1.071911561793e+03 
       2.885525588672e-01       1.047731467161e+03 
       2.917089206489e-01       1.025541410168e+03 
       2.948652832476e-01       1.005125820135e+03 
       2.980216466372e-01       9.862428382346e+02 
       3.011780107928e-01       9.686043351658e+02 
       3.043343756904e-01       9.518920173211e+02 
       3.074907413070e-01       9.357839577237e+02 
       3.106471076206e-01       9.199881397172e+02 
       3.138034746101e-01       9.042433290253e+02 
       3.169598422551e-01       8.883554362489e+02 
       3.201162105362e-01       8.722074387791e+02 
       3.232725794347e-01       8.557709970195e+02 
       3.264289489326e-01       8.391036475893e+02 
       3.295853190125e-01       8.223236549609e+02 
       3.327416896578e-01       8.055727379793e+02 
       3.358980608525e-01       7.890209811470e+02 
       3.390544325813e-01       7.728079705483e+02 
       3.422108048291e-01       7.570681767156e+02 
       3.453671775819e-01       7.419158073590e+02 
       3.485235508257e-01       7.274398285093e+02 
       3.516799245473e-01       7.136894663429e+02 
       3.548362987339e-01       7.006777209559e+02 
       3.579926733731e-01       6.883812626488e+02 
       3.611490484530e-01       6.767275332971e+02 
       3.643054239621e-01       6.656177690587e+02 
       3.674617998894e-01       6.549347456722e+02 
       3.706181762240e-01       6.445678154473e+02 
       3.737745529556e-01       6.344167902471e+02 
       3.769309300742e-01       6.244072952977e+02 
       3.800873075701e-01       6.144923459118e+02 
       3.832436854340e-01       6.046268353171e+02 
       3.864000636567e-01       5.948057025171e+02 
       3.895564422297e-01       5.850129655195e+02 
       3.927128211442e-01       5.752628174802e+02 
       3.958692003923e-01       5.655844929722e+02 
       3.990255799658e-01       5.560199249764e+02 
       4.021819598572e-01       5.466156445293e+02 
       4.053383400589e-01       5.374206836601e+02 
       4.084947205638e-01       5.284708900143e+02 
       4.116511013648e-01       5.197995536066e+02 
       4.148074824552e-01       5.114060490298e+02 
       4.179638638283e-01       5.032928743304e+02 
       4.211202454779e-01       4.954482812631e+02 
       4.242766273976e-01       4.878696416634e+02 
       4.274330095816e-01       4.805332701685e+02 
       4.305893920239e-01       4.734304707969e+02 
       4.337457747189e-01       4.665283233848e+02 
       4.369021576612e-01       4.598020891005e+02 
       4.400585408453e-01       4.532142572096e+02 
       4.432149242661e-01       4.467364173025e+02 
       4.463713079185e-01       4.403443531370e+02 
       4.495276917977e-01       4.340223734540e+02 
       4.526840758988e-01       4.277712354146e+02 
       4.558404602174e-01       4.215929851836e+02 
       4.589968447488e-01       4.154881263413e+02 
       4.621532294886e-01       4.094614477951e+02 
       4.653096144327e-01       4.035253479673e+02 
       4.684659995769e-01       3.976811691657e+02 
       4.716223849172e-01       3.919451720184e+02 
       4.747787704496e-01       3.863231157861e+02 
       4.779351561703e-01       3.808361006200e+02 
       4.810915420756e-01       3.754882446784e+02 
       4.842479281618e-01       3.702845802663e+02 
       4.874043144256e-01       3.652230265480e+02 
       4.905607008633e-01       3.602937947164e+02 
       4.937170874717e-01       3.554810443514e+02 
       4.968734742475e-01       3.507759319666e+02 
       5.000298611875e-01       3.461647935725e+02 
       5.031862482886e-01       3.416451500744e+02 
       5.063426355478e-01       3.372086541865e+02 
       5.094990229622e-01       3.328443643130e+02 
       5.126554105288e-01       3.285466485548e+02 
       5.158117982450e-01       3.243078465506e+02 
       5.189681861078e-01       3.201230050226e+02 
       5.221245741148e-01       3.159891519650e+02 
       5.252809622631e-01       3.119132044993e+02 
       5.284373505504e-01       3.079024156401e+02 
       5.315937389742e-01       3.039563626180e+02 
       5.347501275320e-01       3.000828703393e+02 
       5.379065162214e-01       2.962818713663e+02 
       5.410629050401e-01       2.925522801912e+02 
       5.442192939859e-01       2.888926441831e+02 
       5.473756830566e-01       2.853020175187e+02 
       5.505320722501e-01       2.817775649225e+02 
       5.536884615641e-01       2.783259259388e+02 
       5.568448509967e-01       2.749437158087e+02 
       5.600012405459e-01       2.716262170785e+02 
       5.631576302096e-01       2.683732857690e+02 
       5.663140199860e-01       2.651763784052e+02 
       5.694704098732e-01       2.620318355373e+02 
       5.726267998693e-01       2.589365947293e+02 
       5.757831899726e-01       2.558871428173e+02 
       5.789395801813e-01       2.528848934774e+02 
       5.820959704936e-01       2.499302861273e+02 
       5.852523609080e-01       2.470212777676e+02 
       5.884087514227e-01       2.441549192475e+02 
       5.915651420361e-01       2.413316254269e+02 
       5.947215327467e-01       2.385456496895e+02 
       5.978779235529e-01       2.358024022789e+02 
       6.010343144532e-01       2.330995588149e+02 
       6.041907054462e-01       2.304398589307e+02 
       6.073470965303e-01       2.278250071330e+02 
       6.105034877042e-01       2.252571633953e+02 
       6.136598789665e-01       2.227329258331e+02 
       6.168162703157e-01       2.202502822196e+02 
       6.199726617507e-01       2.178069212106e+02 
       6.231290532700e-01       2.154018624868e+02 
       6.262854448725e-01       2.130341425814e+02 
       6.294418365567e-01       2.107063238802e+02 
       6.325982283216e-01       2.084169859708e+02 
       6.357546201659e-01       2.061603602740e+02 
       6.389110120885e-01       2.039449296952e+02 
       6.420674040881e-01       2.017570995513e+02 
       6.452237961637e-01       1.996005666963e+02 
       6.483801883140e-01       1.974696397981e+02 
       6.515365805382e-01       1.953709773761e+02 
       6.546929728350e-01       1.933027181242e+02 
       6.578493652034e-01       1.912667925456e+02 
       6.610057576424e-01       1.892605031645e+02 
       6.641621501510e-01       1.872834874322e+02 
       6.673185427282e-01       1.853344321921e+02 
       6.704749353730e-01       1.834119076294e+02 
       6.736313280845e-01       1.815168613456e+02 
       6.767877208617e-01       1.796480373802e+02 
       6.799441137038e-01       1.778062505241e+02 
       6.831005066097e-01       1.759952272910e+02 
       6.862568995787e-01       1.742085884355e+02 
       6.894132926099e-01       1.724511991518e+02 
       6.925696857024e-01       1.707182033020e+02 
       6.957260788553e-01       1.690107222563e+02 
       6.988824720679e-01       1.673217668825e+02 
       7.020388653394e-01       1.656590111802e+02 
       7.051952586689e-01       1.640172875670e+02 
       7.083516520557e-01       1.624021100011e+02 
       7.115080454990e-01       1.608082530370e+02 
       7.146644389981e-01       1.592379401488e+02 
       7.178208325522e-01       1.576858924930e+02 
       7.209772261606e-01       1.561537704366e+02 
       7.241336198227e-01       1.546436028334e+02 
       7.272900135376e-01       1.531482664919e+02 
       7.304464073047e-01       1.516780775799e+02 
       7.336028011233e-01       1.502263948740e+02 
       7.367591949928e-01       1.487974368123e+02 
       7.399155889125e-01       1.473851649182e+02 
       8.082722721448e-01       1.208932761662e+02 
       9.070535191333e-01       9.309173782319e+01 
       1.063915529787e+00       6.453982452702e+01 
