# Matter power spectrum P(k) at redshift z=0
# for k=1.16117e-05 to 1.74126 h/Mpc,
# number of wavenumbers equal to 629
#    1:k (h/Mpc)              2:P (Mpc/h)^3        
       1.161171775273e-05       3.341881235643e+01 
       2.449466086153e-05       6.858042446173e+01 
       3.742602028701e-05       1.032630976689e+02 
       5.044060886059e-05       1.378927515481e+02 
       6.357384267434e-05       1.727448701858e+02 
       7.686205697574e-05       2.080436689696e+02 
       9.034283252852e-05       2.439921373383e+02 
       1.040553367674e-04       2.807839308697e+02 
       1.180406841083e-04       3.186101610778e+02 
       1.323423198091e-04       3.576630429471e+02 
       1.470064317748e-04       3.981384094032e+02 
       1.620823946388e-04       4.402374261034e+02 
       1.776232502523e-04       4.841674515822e+02 
       1.936862283292e-04       5.301426026261e+02 
       2.103333102974e-04       5.783834163904e+02 
       2.276318382898e-04       6.291164072434e+02 
       2.456551694734e-04       6.825719818486e+02 
       2.644833733609e-04       7.389824216539e+02 
       2.842039660781e-04       7.985783178863e+02 
       3.049126704531e-04       8.615838360357e+02 
       3.267141838611e-04       9.282111200462e+02 
       3.497229265930e-04       9.986526984945e+02 
       3.740637317563e-04       1.073073164165e+03 
       3.998724231158e-04       1.151599805536e+03 
       4.272962099076e-04       1.234312011174e+03 
       4.564938080914e-04       1.321231278998e+03 
       4.876351772084e-04       1.412312650260e+03 
       5.209007436486e-04       1.507438151222e+03 
       5.564799689808e-04       1.606414601863e+03 
       5.945691220753e-04       1.708978205348e+03 
       6.353681335524e-04       1.814805068205e+03 
       6.790764585243e-04       1.923530589792e+03 
       7.258879548176e-04       2.034778353590e+03 
       7.759849000286e-04       2.148190616887e+03 
       8.295314142377e-04       2.263463244300e+03 
       8.866667067041e-04       2.380378134417e+03 
       9.474986936061e-04       2.498823774132e+03 
       1.012098602871e-03       2.618804029091e+03 
       1.080497158687e-03       2.740430354750e+03 
       1.152682807372e-03       2.863899959587e+03 
       1.228602220577e-03       2.989461888090e+03 
       1.308163032895e-03       3.117375409848e+03 
       1.391238498159e-03       3.247863787079e+03 
       1.477673540324e-03       3.381100261927e+03 
       1.567291569023e-03       3.517196321371e+03 
       1.659901434453e-03       3.656160858279e+03 
       1.755303991235e-03       3.797917793666e+03 
       1.853297889294e-03       3.942312033420e+03 
       1.953684372508e-03       4.089124747148e+03 
       2.056271012038e-03       4.238088443608e+03 
       2.160874413191e-03       4.388904015398e+03 
       2.267322007367e-03       4.541255481051e+03 
       2.375453077749e-03       4.694820958283e+03 
       2.485119177111e-03       4.849284177905e+03 
       2.596184087609e-03       5.004340077179e+03 
       2.708523453710e-03       5.159700691274e+03 
       2.822024196596e-03       5.315097291649e+03 
       2.936583795394e-03       5.470282870945e+03 
       3.052109499740e-03       5.625031501981e+03 
       3.168517520531e-03       5.779139328957e+03 
       3.285732231451e-03       5.932423197979e+03 
       3.403685402793e-03       6.084719232355e+03 
       3.522315480785e-03       6.235881770587e+03 
       3.641566919622e-03       6.385781608882e+03 
       3.761389569075e-03       6.534305178565e+03 
       3.881738117722e-03       6.681351844815e+03 
       4.002571589902e-03       6.826834993004e+03 
       4.123852893359e-03       6.970678232046e+03 
       4.245548413910e-03       7.112814706451e+03 
       4.367627653179e-03       7.253188398317e+03 
       4.490062905425e-03       7.391750557509e+03 
       4.612828969593e-03       7.528460272503e+03 
       4.735902892944e-03       7.663282058113e+03 
       4.859263742874e-03       7.796187159593e+03 
       4.982892403834e-03       7.927153892132e+03 
       5.106771396534e-03       8.056161495088e+03 
       5.230884716934e-03       8.183197426777e+03 
       5.355217692735e-03       8.308251200014e+03 
       5.479756855404e-03       8.431317910706e+03 
       5.604489825922e-03       8.552400384865e+03 
       5.729405212700e-03       8.671490436401e+03 
       5.854492520265e-03       8.788588483066e+03 
       5.979742067492e-03       8.903666485959e+03 
       6.105144914296e-03       9.016790206637e+03 
       6.230692795838e-03       9.127891892975e+03 
       6.356378063394e-03       9.237045425669e+03 
       6.482193631160e-03       9.344235423982e+03 
       6.608132928319e-03       9.449473293227e+03 
       6.734189855819e-03       9.552772381936e+03 
       6.860358747335e-03       9.654142279271e+03 
       6.986634333971e-03       9.753598109586e+03 
       7.113011712303e-03       9.851150337842e+03 
       7.239486315423e-03       9.946808670509e+03 
       7.366053886649e-03       1.004059351267e+04 
       7.492710455652e-03       1.013252265331e+04 
       7.619452316732e-03       1.022260785055e+04 
       7.746276009042e-03       1.031086474885e+04 
       7.873178298556e-03       1.039731069931e+04 
       8.000156161614e-03       1.048196273579e+04 
       8.127206769885e-03       1.056485378636e+04 
       8.254327476619e-03       1.064596125857e+04 
       8.381515804055e-03       1.072532484182e+04 
       8.508769431885e-03       1.080294937277e+04 
       8.636086186671e-03       1.087887125825e+04 
       8.763464032125e-03       1.095309857020e+04 
       8.890901060176e-03       1.102564163101e+04 
       9.018395482757e-03       1.109653303627e+04 
       9.145945624236e-03       1.116577828855e+04 
       9.273549914446e-03       1.123339996284e+04 
       9.401206882257e-03       1.129944432390e+04 
       9.528915149640e-03       1.136386969511e+04 
       9.656673426187e-03       1.142673579672e+04 
       9.784480504046e-03       1.148804948004e+04 
       9.912335253233e-03       1.154779383103e+04 
       1.004023661729e-02       1.160602226633e+04 
       1.016818360929e-02       1.166276525098e+04 
       1.029617530808e-02       1.171790229892e+04 
       1.042421085484e-02       1.177168715221e+04 
       1.055228944990e-02       1.182391467823e+04 
       1.068041034976e-02       1.187475291740e+04 
       1.080857286430e-02       1.192425776777e+04 
       1.093677635426e-02       1.197224072867e+04 
       1.106502022883e-02       1.201888503442e+04 
       1.119330394343e-02       1.206406353849e+04 
       1.132162699768e-02       1.210789365684e+04 
       1.144998893346e-02       1.215044058346e+04 
       1.157838933312e-02       1.219158210227e+04 
       1.170682781785e-02       1.223148027455e+04 
       1.183530404614e-02       1.227006306653e+04 
       1.196381771232e-02       1.230731637970e+04 
       1.209236854522e-02       1.234329034185e+04 
       1.222095630698e-02       1.237802533039e+04 
       1.234958079185e-02       1.241151900857e+04 
       1.247824182514e-02       1.244376753431e+04 
       1.260693926223e-02       1.247481522984e+04 
       1.273567298761e-02       1.250466382914e+04 
       1.286444291408e-02       1.253337097521e+04 
       1.299324898193e-02       1.256081236194e+04 
       1.312209115818e-02       1.258717875642e+04 
       1.325096943595e-02       1.261248395279e+04 
       1.337988383381e-02       1.263651918277e+04 
       1.350883439519e-02       1.265946773723e+04 
       1.363782118788e-02       1.268116048675e+04 
       1.376684430352e-02       1.270189180530e+04 
       1.389590385718e-02       1.272156565306e+04 
       1.402499998693e-02       1.274021752570e+04 
       1.415413285347e-02       1.275773813927e+04 
       1.428330263985e-02       1.277421693200e+04 
       1.441250955109e-02       1.278975474051e+04 
       1.454175381400e-02       1.280422667233e+04 
       1.467103567687e-02       1.281772112865e+04 
       1.480035540933e-02       1.283019136194e+04 
       1.492971330211e-02       1.284169277303e+04 
       1.505910966695e-02       1.285215776874e+04 
       1.518854483644e-02       1.286182688118e+04 
       1.531801916391e-02       1.287040971298e+04 
       1.544753302341e-02       1.287820608626e+04 
       1.557708680957e-02       1.288501060563e+04 
       1.570668093767e-02       1.289094262629e+04 
       1.583631584356e-02       1.289596459403e+04 
       1.596599198368e-02       1.290011210105e+04 
       1.609570983514e-02       1.290342465338e+04 
       1.622546989572e-02       1.290585802138e+04 
       1.635527268397e-02       1.290736245833e+04 
       1.648511873929e-02       1.290811641344e+04 
       1.661500862206e-02       1.290810528661e+04 
       1.674494291372e-02       1.290717335581e+04 
       1.687492221698e-02       1.290552401878e+04 
       1.700494715595e-02       1.290307275627e+04 
       1.713501837630e-02       1.289983849755e+04 
       1.726513654551e-02       1.289575628286e+04 
       1.739530235303e-02       1.289104181638e+04 
       1.752551651056e-02       1.288547827101e+04 
       1.765577975226e-02       1.287927002405e+04 
       1.778609283504e-02       1.287230879670e+04 
       1.791645653884e-02       1.286460652245e+04 
       1.804687166691e-02       1.285627784292e+04 
       1.817733904615e-02       1.284714506893e+04 
       1.830785952742e-02       1.283740736785e+04 
       1.843843398590e-02       1.282703330204e+04 
       1.856906332146e-02       1.281596152484e+04 
       1.869974845903e-02       1.280417323098e+04 
       1.883049034901e-02       1.279180018117e+04 
       1.896128996767e-02       1.277882633107e+04 
       1.909214831761e-02       1.276519125105e+04 
       1.922306642819e-02       1.275092629065e+04 
       1.935404535601e-02       1.273612623607e+04 
       1.948508618538e-02       1.272068350668e+04 
       1.961619002885e-02       1.270463594111e+04 
       1.974735802773e-02       1.268807130861e+04 
       1.987859135260e-02       1.267093755032e+04 
       2.000989120393e-02       1.265317807352e+04 
       2.014125881261e-02       1.263499010273e+04 
       2.027269544058e-02       1.261616171144e+04 
       2.040420238144e-02       1.259680477099e+04 
       2.053578096111e-02       1.257698435961e+04 
       2.066743253847e-02       1.255664915483e+04 
       2.079915850606e-02       1.253581541328e+04 
       2.093096029082e-02       1.251446460622e+04 
       2.106283935474e-02       1.249266081247e+04 
       2.119479719573e-02       1.247041917465e+04 
       2.132683534828e-02       1.244760248307e+04 
       2.145895538437e-02       1.242453466545e+04 
       2.159115891423e-02       1.240078492557e+04 
       2.172344758722e-02       1.237662138812e+04 
       2.185582309274e-02       1.235214589419e+04 
       2.198828716107e-02       1.232710857919e+04 
       2.212084156441e-02       1.230180453291e+04 
       2.225348811776e-02       1.227597880139e+04 
       2.238622867996e-02       1.224983693919e+04 
       2.251906515473e-02       1.222327707014e+04 
       2.265199949171e-02       1.219629626176e+04 
       2.278503368757e-02       1.216899739161e+04 
       2.291816978715e-02       1.214123170105e+04 
       2.305140988458e-02       1.211319127764e+04 
       2.318475612456e-02       1.208484671843e+04 
       2.331821070353e-02       1.205599635987e+04 
       2.345177587098e-02       1.202691989936e+04 
       2.358545393078e-02       1.199748122799e+04 
       2.371924724253e-02       1.196771655478e+04 
       2.385315822294e-02       1.193765974467e+04 
       2.398718934734e-02       1.190728988654e+04 
       2.412134315112e-02       1.187663657125e+04 
       2.425562223131e-02       1.184563582473e+04 
       2.439002924815e-02       1.181439161608e+04 
       2.452456692676e-02       1.178281049373e+04 
       2.465923805881e-02       1.175099156266e+04 
       2.479404550431e-02       1.171891238066e+04 
       2.492899219339e-02       1.168657076619e+04 
       2.506408112818e-02       1.165396576853e+04 
       2.519931538477e-02       1.162113735699e+04 
       2.533469811517e-02       1.158808347365e+04 
       2.547023254939e-02       1.155475011356e+04 
       2.560592199760e-02       1.152119103542e+04 
       2.574176985229e-02       1.148736015446e+04 
       2.587777959059e-02       1.145338359208e+04 
       2.601395477659e-02       1.141914803684e+04 
       2.615029906385e-02       1.138477939415e+04 
       2.628681619784e-02       1.135014904170e+04 
       2.642351001861e-02       1.131530476715e+04 
       2.656038446348e-02       1.128036686647e+04 
       2.669744356984e-02       1.124512917094e+04 
       2.683469147804e-02       1.120983485460e+04 
       2.697213243442e-02       1.117433106386e+04 
       2.710977079437e-02       1.113858959431e+04 
       2.724761102563e-02       1.110274011901e+04 
       2.738565771154e-02       1.106671175164e+04 
       2.752391555458e-02       1.103057432833e+04 
       2.766238937993e-02       1.099425763773e+04 
       2.780108413918e-02       1.095788448918e+04 
       2.794000491423e-02       1.092126217323e+04 
       2.807915692128e-02       1.088454574506e+04 
       2.821854551499e-02       1.084769061021e+04 
       2.835817619281e-02       1.081076909303e+04 
       2.849805459946e-02       1.077369367372e+04 
       2.863818653163e-02       1.073648972964e+04 
       2.877857794277e-02       1.069919282205e+04 
       2.891923494818e-02       1.066185948595e+04 
       2.906016383021e-02       1.062437814099e+04 
       2.920137104375e-02       1.058676550721e+04 
       2.934286322185e-02       1.054907274926e+04 
       2.948464718168e-02       1.051133992449e+04 
       2.962672993061e-02       1.047347707633e+04 
       2.976911867268e-02       1.043563613216e+04 
       2.991182081518e-02       1.039758560527e+04 
       3.005484397568e-02       1.035957883558e+04 
       3.019819598923e-02       1.032142228436e+04 
       3.034188491590e-02       1.028322739678e+04 
       3.048591904871e-02       1.024497499580e+04 
       3.063030692179e-02       1.020675290215e+04 
       3.077505731901e-02       1.016836907089e+04 
       3.092017928294e-02       1.012993792270e+04 
       3.106568212418e-02       1.009150456578e+04 
       3.121157543121e-02       1.005300506506e+04 
       3.135786908057e-02       1.001448420785e+04 
       3.150457324762e-02       9.976022442238e+03 
       3.165169841769e-02       9.937341885960e+03 
       3.179925539786e-02       9.898759158860e+03 
       3.194725532922e-02       9.860080189583e+03 
       3.209570969976e-02       9.821423304339e+03 
       3.224463035782e-02       9.782722258944e+03 
       3.239402952630e-02       9.744014250140e+03 
       3.254391981748e-02       9.705255866033e+03 
       3.269431424859e-02       9.666503967529e+03 
       3.284522625821e-02       9.627772858257e+03 
       3.299666972340e-02       9.589003648456e+03 
       3.314865897788e-02       9.550206859082e+03 
       3.330120883092e-02       9.511470949543e+03 
       3.345433458745e-02       9.472622691331e+03 
       3.360805206902e-02       9.433849191114e+03 
       3.376237763607e-02       9.395051752836e+03 
       3.391732821123e-02       9.356293784789e+03 
       3.407292130403e-02       9.317521894196e+03 
       3.422917503687e-02       9.278716838116e+03 
       3.438610817249e-02       9.239981265534e+03 
       3.454374014296e-02       9.201185216552e+03 
       3.470209108034e-02       9.162440784859e+03 
       3.486118184912e-02       9.123735688719e+03 
       3.502103408046e-02       9.085023290904e+03 
       3.518167020858e-02       9.046281503060e+03 
       3.534311350921e-02       9.007588655685e+03 
       3.550538814039e-02       8.968940529601e+03 
       3.566851918582e-02       8.930270522367e+03 
       3.583253270074e-02       8.891597863849e+03 
       3.599745576085e-02       8.852935218505e+03 
       3.616331651422e-02       8.814318015288e+03 
       3.633014423651e-02       8.775699039221e+03 
       3.649796938985e-02       8.737129833012e+03 
       3.666682368550e-02       8.698589055926e+03 
       3.683674015077e-02       8.660000472223e+03 
       3.700775320036e-02       8.621452642115e+03 
       3.717989871261e-02       8.583011073854e+03 
       3.735321411104e-02       8.544522901195e+03 
       3.752773845159e-02       8.506024720061e+03 
       3.770351251602e-02       8.467552251499e+03 
       3.788057891214e-02       8.429132267240e+03 
       3.805898218125e-02       8.390628898389e+03 
       3.823876891362e-02       8.352275840462e+03 
       3.841998787259e-02       8.313829224328e+03 
       3.860269012824e-02       8.275474635298e+03 
       3.878692920122e-02       8.237099543689e+03 
       3.897276121809e-02       8.198710689764e+03 
       3.916024507891e-02       8.160316604169e+03 
       3.934944263840e-02       8.121991257321e+03 
       3.954041890209e-02       8.083686110845e+03 
       3.973324223877e-02       8.045299767915e+03 
       3.992798461099e-02       8.006922257779e+03 
       4.012472182548e-02       7.968527533046e+03 
       4.032353380552e-02       7.930186485400e+03 
       4.052450488751e-02       7.891875203576e+03 
       4.072772414462e-02       7.853428432781e+03 
       4.093328574009e-02       7.815038343586e+03 
       4.114128931385e-02       7.776621212087e+03 
       4.135184040604e-02       7.738196282569e+03 
       4.156505092172e-02       7.699765950008e+03 
       4.178103964165e-02       7.661245846933e+03 
       4.199993278469e-02       7.622719658096e+03 
       4.222186462795e-02       7.584168115427e+03 
       4.244697819211e-02       7.545583702276e+03 
       4.267542599998e-02       7.506860998506e+03 
       4.290737091785e-02       7.468130841649e+03 
       4.314298709051e-02       7.429331646801e+03 
       4.338246098255e-02       7.390513460426e+03 
       4.362599254059e-02       7.351548776840e+03 
       4.387379649321e-02       7.312497428331e+03 
       4.412610380857e-02       7.273395275641e+03 
       4.438316333248e-02       7.234154968270e+03 
       4.464524363421e-02       7.194811824751e+03 
       4.491263509154e-02       7.155326018976e+03 
       4.518565225265e-02       7.115698318222e+03 
       4.546463651907e-02       7.075976719953e+03 
       4.574995920233e-02       7.035967770508e+03 
       4.604202501699e-02       6.995903649620e+03 
       4.634127608516e-02       6.955651472123e+03 
       4.664819654240e-02       6.915102746352e+03 
       4.696331785384e-02       6.874343155335e+03 
       4.728722497193e-02       6.833388771793e+03 
       4.762056349572e-02       6.792111008266e+03 
       4.796404802681e-02       6.750530556587e+03 
       4.831847196145e-02       6.708636844298e+03 
       4.868471901346e-02       6.666371622684e+03 
       4.906377683261e-02       6.623720833383e+03 
       4.945675317135e-02       6.580609806388e+03 
       4.986489516486e-02       6.537067053497e+03 
       5.028961243193e-02       6.492973127294e+03 
       5.073250488577e-02       6.448312314855e+03 
       5.119539637544e-02       6.402949221523e+03 
       5.168037557323e-02       6.356923680489e+03 
       5.218984589682e-02       6.310067736456e+03 
       5.272658672391e-02       6.262321300585e+03 
       5.329382873575e-02       6.213516548747e+03 
       5.389534692051e-02       6.163473117882e+03 
       5.453557555552e-02       6.112135114893e+03 
       5.521975028853e-02       6.059153057270e+03 
       5.595408304226e-02       6.004305942551e+03 
       5.674597540093e-02       5.947216846023e+03 
       5.760427442226e-02       5.887445268797e+03 
       5.853956951487e-02       5.824392856379e+03 
       5.956451651291e-02       5.757284957737e+03 
       6.069414907448e-02       5.685095730827e+03 
       6.194608833283e-02       5.606384100409e+03 
       6.334047793345e-02       5.519404010563e+03 
       6.489935017788e-02       5.421662563707e+03 
       6.664500536608e-02       5.310170189611e+03 
       6.859699158893e-02       5.181411869389e+03 
       7.076767085094e-02       5.031721280289e+03 
       7.315738125521e-02       4.858155562092e+03 
       7.575147947706e-02       4.659824091357e+03 
       7.852165985003e-02       4.438840054887e+03 
       8.143173685647e-02       4.200877269709e+03 
       8.444507030502e-02       3.954202320803e+03 
       8.753014249677e-02       3.708455189318e+03 
       9.066283748373e-02       3.472898977821e+03 
       9.382615163425e-02       3.255182871232e+03 
       9.700873771625e-02       3.060632409024e+03 
       1.002032895581e-01       2.892162895656e+03 
       1.034052086073e-01       2.750149024715e+03 
       1.066116411997e-01       2.633041061027e+03 
       1.098208318039e-01       2.537702082412e+03 
       1.130317061002e-01       2.459830337821e+03 
       1.162436086698e-01       2.394593307409e+03 
       1.194561403334e-01       2.336972899663e+03 
       1.226690581560e-01       2.282251704551e+03 
       1.258822142973e-01       2.226329660267e+03 
       1.290955187344e-01       2.166196051370e+03 
       1.323089165803e-01       2.100070981042e+03 
       1.355223742981e-01       2.027422295789e+03 
       1.387358713273e-01       1.948927733351e+03 
       1.419493949991e-01       1.866256927738e+03 
       1.451629374490e-01       1.781654830653e+03 
       1.483764937420e-01       1.697642579098e+03 
       1.515900607332e-01       1.616715660622e+03 
       1.548036363762e-01       1.540970546233e+03 
       1.580172193015e-01       1.472049383513e+03 
       1.612308085601e-01       1.410937842182e+03 
       1.644444034672e-01       1.357965940208e+03 
       1.676580035064e-01       1.312869887620e+03 
       1.708716082705e-01       1.274884759045e+03 
       1.740852174256e-01       1.242841288081e+03 
       1.772988306885e-01       1.215330470343e+03 
       1.805124478118e-01       1.190812056427e+03 
       1.837260685756e-01       1.167905668232e+03 
       1.869396927809e-01       1.145329042084e+03 
       1.901533202460e-01       1.121762796672e+03 
       1.933669508035e-01       1.096404883047e+03 
       1.965805842983e-01       1.068852585368e+03 
       1.997942205863e-01       1.039106347362e+03 
       2.030078595330e-01       1.007510162954e+03 
       2.062215010126e-01       9.747545941476e+02 
       2.094351449075e-01       9.415912484017e+02 
       2.126487911070e-01       9.088476303938e+02 
       2.158624395074e-01       8.772696054596e+02 
       2.190760900110e-01       8.474649982301e+02 
       2.222897425260e-01       8.198708111724e+02 
       2.255033969657e-01       7.947498331983e+02 
       2.287170532485e-01       7.722149274708e+02 
       2.319307112970e-01       7.522059675109e+02 
       2.351443710386e-01       7.345157197701e+02 
       2.383580324042e-01       7.188150059312e+02 
       2.415716953285e-01       7.046728298308e+02 
       2.447853597499e-01       6.916058681255e+02 
       2.479990256097e-01       6.791055667529e+02 
       2.512126928523e-01       6.667696510465e+02 
       2.544263614251e-01       6.542415909184e+02 
       2.576400312779e-01       6.412941652135e+02 
       2.608537023632e-01       6.278030291522e+02 
       2.640673746357e-01       6.137695879806e+02 
       2.672810480523e-01       5.992434596958e+02 
       2.704947225719e-01       5.843907193020e+02 
       2.737083981556e-01       5.694071516875e+02 
       2.769220747661e-01       5.545288170524e+02 
       2.801357523677e-01       5.400051485881e+02 
       2.833494309267e-01       5.260604456251e+02 
       2.865631104105e-01       5.128719549077e+02 
       2.897767907883e-01       5.005702222824e+02 
       2.929904720305e-01       4.892047360384e+02 
       2.962041541089e-01       4.787273084582e+02 
       2.994178369962e-01       4.690733285254e+02 
       3.026315206667e-01       4.601332990388e+02 
       3.058452050955e-01       4.517704803346e+02 
       3.090588902589e-01       4.438522092966e+02 
       3.122725761340e-01       4.362315817752e+02 
       3.154862626990e-01       4.287820123104e+02 
       3.186999499328e-01       4.213913778743e+02 
       3.219136378155e-01       4.139470018756e+02 
       3.251273263276e-01       4.064171090062e+02 
       3.283410154506e-01       3.987699001967e+02 
       3.315547051666e-01       3.910282676154e+02 
       3.347683954584e-01       3.832341800141e+02 
       3.379820863097e-01       3.754583169455e+02 
       3.411957777044e-01       3.677678747249e+02 
       3.444094696272e-01       3.602324584226e+02 
       3.476231620636e-01       3.529151184161e+02 
       3.508368549993e-01       3.458551019834e+02 
       3.540505484206e-01       3.390944245310e+02 
       3.572642423144e-01       3.326641482418e+02 
       3.604779366680e-01       3.265578572782e+02 
       3.636916314691e-01       3.207843421978e+02 
       3.669053267060e-01       3.152988513408e+02 
       3.701190223672e-01       3.100710660615e+02 
       3.733327184417e-01       3.050499670230e+02 
       3.765464149190e-01       3.001824800689e+02 
       3.797601117887e-01       2.954201530350e+02 
       3.829738090408e-01       2.907313679413e+02 
       3.861875066660e-01       2.860955554372e+02 
       3.894012046547e-01       2.814817492312e+02 
       3.926149029982e-01       2.768932965926e+02 
       3.958286016877e-01       2.723253021389e+02 
       3.990423007148e-01       2.677842024959e+02 
       4.022560000714e-01       2.632862802671e+02 
       4.054696997496e-01       2.588329875724e+02 
       4.086833997419e-01       2.544583529834e+02 
       4.118971000407e-01       2.501734844756e+02 
       4.151108006391e-01       2.460033111357e+02 
       4.183245015300e-01       2.419592531506e+02 
       4.215382027068e-01       2.380437164736e+02 
       4.247519041629e-01       2.342577601685e+02 
       4.279656058920e-01       2.305968995952e+02 
       4.311793078880e-01       2.270532200362e+02 
       4.343930101450e-01       2.236203195556e+02 
       4.376067126571e-01       2.202936277404e+02 
       4.408204154187e-01       2.170600750335e+02 
       4.440341184246e-01       2.139095864298e+02 
       4.472478216692e-01       2.108242279642e+02 
       4.504615251476e-01       2.077961737004e+02 
       4.536752288547e-01       2.048105549004e+02 
       4.568889327857e-01       2.018603876196e+02 
       4.601026369359e-01       1.989443698341e+02 
       4.633163413007e-01       1.960610532146e+02 
       4.665300458757e-01       1.932160394100e+02 
       4.697437506565e-01       1.904089179705e+02 
       4.729574556389e-01       1.876463415830e+02 
       4.761711608188e-01       1.849279966546e+02 
       4.793848661923e-01       1.822564787754e+02 
       4.825985717554e-01       1.796380774875e+02 
       4.858122775044e-01       1.770803796128e+02 
       4.890259834356e-01       1.745862391483e+02 
       4.922396895455e-01       1.721583042368e+02 
       4.954533958305e-01       1.697939911949e+02 
       4.986671022872e-01       1.674915653018e+02 
       5.018808089123e-01       1.652455617925e+02 
       5.050945157027e-01       1.630504873634e+02 
       5.083082226551e-01       1.608978788286e+02 
       5.115219297665e-01       1.587882454748e+02 
       5.147356370340e-01       1.567144244791e+02 
       5.179493444545e-01       1.546769051252e+02 
       5.211630520253e-01       1.526731150823e+02 
       5.243767597436e-01       1.506968276250e+02 
       5.275904676066e-01       1.487464502710e+02 
       5.308041756118e-01       1.468223521155e+02 
       5.340178837566e-01       1.449252205070e+02 
       5.372315920384e-01       1.430558111312e+02 
       5.404453004549e-01       1.412174873762e+02 
       5.436590090035e-01       1.394122049208e+02 
       5.468727176821e-01       1.376415168621e+02 
       5.500864264882e-01       1.359035396836e+02 
       5.533001354197e-01       1.341991043666e+02 
       5.565138444743e-01       1.325276850909e+02 
       5.597275536501e-01       1.308859056074e+02 
       5.629412629448e-01       1.292775314822e+02 
       5.661549723564e-01       1.276994602251e+02 
       5.693686818830e-01       1.261533873474e+02 
       5.725823915227e-01       1.246359005285e+02 
       5.757961012734e-01       1.231465589691e+02 
       5.790098111334e-01       1.216814950047e+02 
       5.822235211009e-01       1.202391613588e+02 
       5.854372311741e-01       1.188180123033e+02 
       5.886509413511e-01       1.174188201730e+02 
       5.918646516305e-01       1.160416300822e+02 
       5.950783620104e-01       1.146856297873e+02 
       5.982920724893e-01       1.133508484980e+02 
       6.015057830655e-01       1.120365207788e+02 
       6.047194937375e-01       1.107427148270e+02 
       6.079332045039e-01       1.094642967328e+02 
       6.111469153630e-01       1.082062097665e+02 
       6.143606263135e-01       1.069677188172e+02 
       6.175743373539e-01       1.057499634797e+02 
       6.207880484827e-01       1.045536132441e+02 
       6.240017596988e-01       1.033781777347e+02 
       6.272154710006e-01       1.022228926128e+02 
       6.304291823869e-01       1.010861975906e+02 
       6.336428938563e-01       9.996723129888e+01 
       6.368566054077e-01       9.886505405665e+01 
       6.400703170398e-01       9.778100604493e+01 
       6.432840287514e-01       9.671360844089e+01 
       6.464977405413e-01       9.566461379291e+01 
       6.497114524082e-01       9.463023561507e+01 
       6.529251643512e-01       9.361288084560e+01 
       6.561388763690e-01       9.260882843899e+01 
       6.593525884606e-01       9.161892665625e+01 
       6.625663006249e-01       9.064185245625e+01 
       6.657800128608e-01       8.967923118667e+01 
       6.689937251674e-01       8.873114673711e+01 
       6.722074375435e-01       8.779705448522e+01 
       6.754211499882e-01       8.687754220435e+01 
       6.786348625005e-01       8.597059557896e+01 
       6.818485750794e-01       8.507696990706e+01 
       6.850622877241e-01       8.419477722334e+01 
       6.882760004336e-01       8.332581991783e+01 
       6.914897132069e-01       8.246926690749e+01 
       6.947034260433e-01       8.162582476081e+01 
       6.979171389417e-01       8.079486363842e+01 
       7.011308519015e-01       7.997646741306e+01 
       7.043445649217e-01       7.917051346485e+01 
       7.075582780014e-01       7.837550382369e+01 
       7.107719911400e-01       7.759129526033e+01 
       7.139857043366e-01       7.681763932009e+01 
       7.171994175904e-01       7.605424887377e+01 
       7.204131309006e-01       7.530203534330e+01 
       7.236268442665e-01       7.456032562133e+01 
       7.268405576874e-01       7.382909394712e+01 
       7.300542711625e-01       7.310840154941e+01 
       7.332679846911e-01       7.239660700861e+01 
       7.364816982725e-01       7.169382272169e+01 
       7.396954119061e-01       7.099918928720e+01 
       7.429091255911e-01       7.031464156954e+01 
       7.461228393269e-01       6.963935403702e+01 
       7.493365531127e-01       6.897393313312e+01 
       7.525502669481e-01       6.831734828319e+01 
       7.557639808323e-01       6.766979852607e+01 
       7.589776947648e-01       6.703054714880e+01 
       7.621914087448e-01       6.639943029128e+01 
       7.654051227719e-01       6.577578636558e+01 
       7.686188368454e-01       6.516073055275e+01 
       7.718325509647e-01       6.455395181763e+01 
       7.750462651293e-01       6.395590495143e+01 
       7.782599793386e-01       6.336593664266e+01 
       7.814736935920e-01       6.278320502015e+01 
       7.846874078891e-01       6.220716119841e+01 
       7.879011222292e-01       6.163858804116e+01 
       7.911148366119e-01       6.107672149902e+01 
       7.943285510366e-01       6.052241839079e+01 
       7.975422655029e-01       5.997469093678e+01 
       8.007559800101e-01       5.943463989094e+01 
       8.039696945579e-01       5.890129955163e+01 
       8.071834091458e-01       5.837555636464e+01 
       8.103971237732e-01       5.785513713675e+01 
       8.136108384397e-01       5.734103754880e+01 
       8.168245531448e-01       5.683291655620e+01 
       8.200382678881e-01       5.633068289215e+01 
       8.232519826691e-01       5.583529447410e+01 
       8.264656974875e-01       5.534642630759e+01 
       8.296794123427e-01       5.486392878896e+01 
       8.328931272343e-01       5.438704175520e+01 
       8.361068421619e-01       5.391550118592e+01 
       9.436077717712e-01       4.094119087203e+01 
       1.116072183365e+00       2.779370426858e+01 
       1.384201588649e+00       1.676828868311e+01 
       1.741255066906e+00       9.693098638276e+00 
