# Matter power spectrum P(k) at redshift z=0
# for k=1.04771e-05 to 1.10152 h/Mpc,
# number of wavenumbers equal to 605
#    1:k (h/Mpc)              2:P (Mpc/h)^3        
       1.047707836614e-05       4.998415621620e+01 
       2.326165102430e-05       1.079636309129e+02 
       3.609079127010e-05       1.649849236148e+02 
       4.899850200462e-05       2.216348278616e+02 
       6.201934263063e-05       2.782507459874e+02 
       7.518873263264e-05       3.350872743185e+02 
       8.854326475709e-05       3.923631773577e+02 
       1.021210318999e-04       4.502806316920e+02 
       1.159619718398e-04       5.090351639233e+02 
       1.301082339896e-04       5.688216616137e+02 
       1.446045723448e-04       6.298385743596e+02 
       1.594987687589e-04       6.922911848871e+02 
       1.748420905133e-04       7.563944073590e+02 
       1.906897858163e-04       8.223753542579e+02 
       2.071016202683e-04       8.904757994942e+02 
       2.241424563475e-04       9.609546174865e+02 
       2.418828764539e-04       1.034090224830e+03 
       2.603998477974e-04       1.110183068807e+03 
       2.797774241700e-04       1.189558098207e+03 
       3.001074751201e-04       1.272567234248e+03 
       3.214904268800e-04       1.359591731870e+03 
       3.440359912213e-04       1.451044326517e+03 
       3.678638478708e-04       1.547371044080e+03 
       3.931042329412e-04       1.649052428392e+03 
       4.198983700037e-04       1.756603967399e+03 
       4.483986623579e-04       1.870575322523e+03 
       4.787685458622e-04       1.991548042472e+03 
       5.111818835599e-04       2.120131239339e+03 
       5.458217698353e-04       2.256954782472e+03 
       5.828786081572e-04       2.402659532298e+03 
       6.225473392761e-04       2.557884229944e+03 
       6.650237334686e-04       2.723248886759e+03 
       7.104997275182e-04       2.899334695469e+03 
       7.591578873933e-04       3.086661137057e+03 
       8.111652066907e-04       3.285661210618e+03 
       8.666665943448e-04       3.496656478028e+03 
       9.257785372222e-04       3.719833868371e+03 
       9.885835105263e-04       3.955226710140e+03 
       1.055125718332e-03       4.202702137568e+03 
       1.125408657281e-03       4.461956678299e+03 
       1.199394810967e-03       4.732521060502e+03 
       1.277007530846e-03       5.013774059172e+03 
       1.358134892952e-03       5.304963950651e+03 
       1.442635095084e-03       5.605211044638e+03 
       1.530342820653e-03       5.913593794837e+03 
       1.621075961098e-03       6.229154464895e+03 
       1.714642149080e-03       6.550905245376e+03 
       1.810844679552e-03       6.877867371249e+03 
       1.909487548158e-03       7.209090676097e+03 
       2.010379483540e-03       7.543668965893e+03 
       2.113336970432e-03       7.880750963130e+03 
       2.218186344637e-03       8.219547039050e+03 
       2.324765089650e-03       8.559332396807e+03 
       2.432922484047e-03       8.899448104593e+03 
       2.542519747341e-03       9.239299458880e+03 
       2.653429817856e-03       9.578353002677e+03 
       2.765536875810e-03       9.916133966134e+03 
       2.878735702843e-03       1.025222105202e+04 
       2.992930948401e-03       1.058624197238e+04 
       3.108036355244e-03       1.091786964742e+04 
       3.223973981281e-03       1.124681873706e+04 
       3.340673443108e-03       1.157283795957e+04 
       3.458071197483e-03       1.189571169053e+04 
       3.576109870271e-03       1.221525004062e+04 
       3.694737637568e-03       1.253129261272e+04 
       3.813907660305e-03       1.284369825049e+04 
       3.933577571423e-03       1.315234874753e+04 
       4.053709013255e-03       1.345714343256e+04 
       4.174267221907e-03       1.375799577108e+04 
       4.295220654997e-03       1.405483769352e+04 
       4.416540658966e-03       1.434760771524e+04 
       4.538201172217e-03       1.463626396600e+04 
       4.660178460474e-03       1.492076717118e+04 
       4.782450881017e-03       1.520106157596e+04 
       4.904998672658e-03       1.547717593196e+04 
       5.027803768661e-03       1.574907480777e+04 
       5.150849630017e-03       1.601674633487e+04 
       5.274121096801e-03       1.628022228706e+04 
       5.397604255557e-03       1.653952455209e+04 
       5.521286320881e-03       1.679461052578e+04 
       5.645155529589e-03       1.704548351496e+04 
       5.769201046045e-03       1.729169647369e+04 
       5.893412877376e-03       1.753422440058e+04 
       6.017781797455e-03       1.777260673761e+04 
       6.142299278678e-03       1.800685339653e+04 
       6.266957430652e-03       1.823694023747e+04 
       6.391748945039e-03       1.846302488510e+04 
       6.516667045868e-03       1.868512826383e+04 
       6.641705444723e-03       1.890302052379e+04 
       6.766858300286e-03       1.911708865659e+04 
       6.892120181753e-03       1.932723071911e+04 
       7.017486035725e-03       1.953370502724e+04 
       7.142951156201e-03       1.973612220554e+04 
       7.268511157355e-03       1.993454846499e+04 
       7.394161948807e-03       2.012919320102e+04 
       7.519899713127e-03       2.032071322379e+04 
       7.645720885368e-03       2.050818028770e+04 
       7.771622134395e-03       2.069155964032e+04 
       7.897600345859e-03       2.087149191939e+04 
       8.023652606637e-03       2.104773121386e+04 
       8.149776190614e-03       2.122029080379e+04 
       8.275968545654e-03       2.138949920847e+04 
       8.402227281675e-03       2.155590066326e+04 
       8.528550159705e-03       2.171802762247e+04 
       8.654935081834e-03       2.187673483196e+04 
       8.781380081984e-03       2.203201603946e+04 
       8.907883317420e-03       2.218390132867e+04 
       9.034443060930e-03       2.233249025547e+04 
       9.161057693626e-03       2.247688031785e+04 
       9.287725698303e-03       2.261862028788e+04 
       9.414445653312e-03       2.275762412008e+04 
       9.541216226901e-03       2.289407960446e+04 
       9.668036171981e-03       2.302644471661e+04 
       9.794904321292e-03       2.315489092630e+04 
       9.921819582924e-03       2.328198512049e+04 
       1.004878093617e-02       2.340415066777e+04 
       1.017578742770e-02       2.352507609366e+04 
       1.030283816795e-02       2.364215581196e+04 
       1.042993232790e-02       2.375539631002e+04 
       1.055706913590e-02       2.386748835516e+04 
       1.068424787494e-02       2.397578238723e+04 
       1.081146787991e-02       2.408115213686e+04 
       1.093872853517e-02       2.418378102348e+04 
       1.106602927230e-02       2.428258317844e+04 
       1.119336956793e-02       2.437969283795e+04 
       1.132074894177e-02       2.447489438891e+04 
       1.144816695479e-02       2.456639392565e+04 
       1.157562320750e-02       2.465528804843e+04 
       1.170311733837e-02       2.474165272603e+04 
       1.183064902231e-02       2.482430721694e+04 
       1.195821796936e-02       2.490642679193e+04 
       1.208582392333e-02       2.498385145396e+04 
       1.221346666067e-02       2.506087549384e+04 
       1.234114598934e-02       2.513415175838e+04 
       1.246886174780e-02       2.520467812949e+04 
       1.259661380400e-02       2.527285161400e+04 
       1.272440205456e-02       2.533920375170e+04 
       1.285222642392e-02       2.540369703786e+04 
       1.298008686356e-02       2.546462297121e+04 
       1.310798335135e-02       2.552411726377e+04 
       1.323591589082e-02       2.558032178921e+04 
       1.336388451066e-02       2.563468234654e+04 
       1.349188926406e-02       2.568763904589e+04 
       1.361993022831e-02       2.573753384441e+04 
       1.374800750424e-02       2.578550939694e+04 
       1.387612121586e-02       2.583001898966e+04 
       1.400427150997e-02       2.587460301719e+04 
       1.413245855577e-02       2.591592775268e+04 
       1.426068254459e-02       2.595530992979e+04 
       1.438894368958e-02       2.599128893053e+04 
       1.451724222547e-02       2.602640362137e+04 
       1.464557840838e-02       2.606005916010e+04 
       1.477395251555e-02       2.609141221580e+04 
       1.490236484527e-02       2.612126697886e+04 
       1.503081571667e-02       2.614841481814e+04 
       1.515930546965e-02       2.617321816010e+04 
       1.528783446477e-02       2.619746293275e+04 
       1.541640308320e-02       2.621797700225e+04 
       1.554501172667e-02       2.623870051444e+04 
       1.567366081745e-02       2.625666731803e+04 
       1.580235079835e-02       2.627188009526e+04 
       1.593108213275e-02       2.628621509865e+04 
       1.605985530463e-02       2.629969583597e+04 
       1.618867081864e-02       2.630969374744e+04 
       1.631752920019e-02       2.631980960518e+04 
       1.644643099553e-02       2.632627286962e+04 
       1.657537677188e-02       2.633218904821e+04 
       1.670436711756e-02       2.633627053584e+04 
       1.683340264213e-02       2.633896457177e+04 
       1.696248397662e-02       2.633990646939e+04 
       1.709161177362e-02       2.633926783989e+04 
       1.722078670758e-02       2.633810662776e+04 
       1.735000947499e-02       2.633345713481e+04 
       1.747928079459e-02       2.632820117514e+04 
       1.760860140768e-02       2.632186033052e+04 
       1.773797207837e-02       2.631328876531e+04 
       1.786739359385e-02       2.630398861769e+04 
       1.799686676473e-02       2.629294253772e+04 
       1.812639242533e-02       2.628052449103e+04 
       1.825597143404e-02       2.626753041793e+04 
       1.838560467366e-02       2.625144225698e+04 
       1.851529305179e-02       2.623494458994e+04 
       1.864503750119e-02       2.621717597623e+04 
       1.877483898022e-02       2.619867778271e+04 
       1.890469847323e-02       2.617767031368e+04 
       1.903461699104e-02       2.615590356022e+04 
       1.916459557136e-02       2.613258752908e+04 
       1.929463527927e-02       2.610840669173e+04 
       1.942473720775e-02       2.608279909418e+04 
       1.955490247815e-02       2.605623044589e+04 
       1.968513224074e-02       2.602842544853e+04 
       1.981542767528e-02       2.599952141091e+04 
       1.994578999153e-02       2.596946820615e+04 
       2.007622042992e-02       2.593825925735e+04 
       2.020672026208e-02       2.590607121603e+04 
       2.033729079156e-02       2.587258596794e+04 
       2.046793335437e-02       2.583850243805e+04 
       2.059864931976e-02       2.580336566962e+04 
       2.072944009085e-02       2.576641224494e+04 
       2.086030710537e-02       2.572888646154e+04 
       2.099125183640e-02       2.569051300495e+04 
       2.112227579314e-02       2.565046466042e+04 
       2.125338052167e-02       2.561017440547e+04 
       2.138456760581e-02       2.556870106669e+04 
       2.151583866794e-02       2.552645741425e+04 
       2.164719536985e-02       2.548298547812e+04 
       2.177863941366e-02       2.543883244672e+04 
       2.191017254272e-02       2.539383720781e+04 
       2.204179654259e-02       2.534794945214e+04 
       2.217351324199e-02       2.530185341855e+04 
       2.230532451384e-02       2.525364027650e+04 
       2.243723227628e-02       2.520521600614e+04 
       2.256923849376e-02       2.515597261562e+04 
       2.270134517813e-02       2.510597999898e+04 
       2.283355438983e-02       2.505527944880e+04 
       2.296586823901e-02       2.500439601389e+04 
       2.309828888680e-02       2.495151001290e+04 
       2.323081854654e-02       2.489852544130e+04 
       2.336345948508e-02       2.484479820883e+04 
       2.349621402411e-02       2.479049092793e+04 
       2.362908454156e-02       2.473542543986e+04 
       2.376207347299e-02       2.467972327459e+04 
       2.389518331310e-02       2.462327434380e+04 
       2.402841661721e-02       2.456625616160e+04 
       2.416177600284e-02       2.450864313920e+04 
       2.429526415133e-02       2.445036824418e+04 
       2.442888380948e-02       2.439151751376e+04 
       2.456263779133e-02       2.433212444170e+04 
       2.469652897987e-02       2.427207298916e+04 
       2.483056032890e-02       2.421182845292e+04 
       2.496473486497e-02       2.415090655191e+04 
       2.509905568928e-02       2.408876196486e+04 
       2.523352597972e-02       2.402656324254e+04 
       2.536814899300e-02       2.396391878967e+04 
       2.550292806677e-02       2.390070842580e+04 
       2.563786662188e-02       2.383706298232e+04 
       2.577296816469e-02       2.377294530474e+04 
       2.590823628948e-02       2.370831704511e+04 
       2.604367468087e-02       2.364363836679e+04 
       2.617928711646e-02       2.357787429661e+04 
       2.631507746944e-02       2.351199363805e+04 
       2.645104971131e-02       2.344572891952e+04 
       2.658720791479e-02       2.337895826964e+04 
       2.672355625669e-02       2.331191265053e+04 
       2.686009902102e-02       2.324460070484e+04 
       2.699684060211e-02       2.317656714806e+04 
       2.713378550790e-02       2.310823985809e+04 
       2.727093836334e-02       2.303998297028e+04 
       2.740830391389e-02       2.297113652277e+04 
       2.754588702918e-02       2.290164184098e+04 
       2.768369270682e-02       2.283200361367e+04 
       2.782172607627e-02       2.276235254800e+04 
       2.795999240297e-02       2.269215530237e+04 
       2.809849709257e-02       2.262166918820e+04 
       2.823724569530e-02       2.255117082033e+04 
       2.837624391055e-02       2.247994363614e+04 
       2.851549759162e-02       2.240880989953e+04 
       2.865501275065e-02       2.233738453916e+04 
       2.879479556377e-02       2.226555654888e+04 
       2.893485237637e-02       2.219357522805e+04 
       2.907518970872e-02       2.212138968306e+04 
       2.921581426172e-02       2.204895031182e+04 
       2.935673292290e-02       2.197631567564e+04 
       2.949795277269e-02       2.190349990372e+04 
       2.963948109093e-02       2.183052731936e+04 
       2.978132536369e-02       2.175709560430e+04 
       2.992349329033e-02       2.168367174986e+04 
       3.006599279089e-02       2.161031308413e+04 
       3.020883201380e-02       2.153653667939e+04 
       3.035201934392e-02       2.146266001928e+04 
       3.049556341092e-02       2.138856354532e+04 
       3.063947309804e-02       2.131438161118e+04 
       3.078375755129e-02       2.124013924261e+04 
       3.092842618894e-02       2.116547124118e+04 
       3.107348871159e-02       2.109102928324e+04 
       3.121895511258e-02       2.101642021564e+04 
       3.136483568898e-02       2.094165210846e+04 
       3.151114105301e-02       2.086657286337e+04 
       3.165788214404e-02       2.079166410084e+04 
       3.180507024118e-02       2.071655921454e+04 
       3.195271697643e-02       2.064116961100e+04 
       3.210083434851e-02       2.056590724140e+04 
       3.224943473731e-02       2.049052759970e+04 
       3.239853091913e-02       2.041531277025e+04 
       3.254813608265e-02       2.033966281135e+04 
       3.269826384566e-02       2.026424989561e+04 
       3.284892827273e-02       2.018841682256e+04 
       3.300014389370e-02       2.011274571739e+04 
       3.315192572322e-02       2.003708114554e+04 
       3.330428928124e-02       1.996131111303e+04 
       3.345725061465e-02       1.988540648501e+04 
       3.361082632003e-02       1.980956672962e+04 
       3.376503356767e-02       1.973363491165e+04 
       3.391989012692e-02       1.965771356144e+04 
       3.407541439286e-02       1.958175213850e+04 
       3.423162541462e-02       1.950575134676e+04 
       3.438854292514e-02       1.942969976792e+04 
       3.454618737273e-02       1.935368377159e+04 
       3.470457995446e-02       1.927763435529e+04 
       3.486374265146e-02       1.920153416331e+04 
       3.502369826639e-02       1.912538311066e+04 
       3.518447046304e-02       1.904930508381e+04 
       3.534608380849e-02       1.897318012717e+04 
       3.550856381770e-02       1.889701830697e+04 
       3.567193700102e-02       1.882092601405e+04 
       3.583623091460e-02       1.874479167057e+04 
       3.600147421401e-02       1.866865315761e+04 
       3.616769671139e-02       1.859242332889e+04 
       3.633492943628e-02       1.851636077904e+04 
       3.650320470051e-02       1.843996849374e+04 
       3.667255616739e-02       1.836369830718e+04 
       3.684301892566e-02       1.828746033585e+04 
       3.701462956850e-02       1.821145491303e+04 
       3.718742627810e-02       1.813505436976e+04 
       3.736144891609e-02       1.805891035479e+04 
       3.753673912060e-02       1.798259244025e+04 
       3.771334041031e-02       1.790621005402e+04 
       3.789129829614e-02       1.782998981791e+04 
       3.807066040135e-02       1.775361727194e+04 
       3.825147659072e-02       1.767730044885e+04 
       3.843379910968e-02       1.760090401826e+04 
       3.861768273434e-02       1.752455371440e+04 
       3.880318493335e-02       1.744822916227e+04 
       3.899036604288e-02       1.737165599543e+04 
       3.917928945583e-02       1.729509338700e+04 
       3.937002182684e-02       1.721858602879e+04 
       3.956263329452e-02       1.714193765892e+04 
       3.975719772282e-02       1.706530505541e+04 
       3.995379296337e-02       1.698849106351e+04 
       4.015250114111e-02       1.691177353994e+04 
       4.035340896571e-02       1.683491040355e+04 
       4.055660807146e-02       1.675793903870e+04 
       4.076219538892e-02       1.668102256965e+04 
       4.097027355190e-02       1.660379404201e+04 
       4.118095134371e-02       1.652648644735e+04 
       4.139434418743e-02       1.644909292441e+04 
       4.161057468526e-02       1.637165001991e+04 
       4.182977321310e-02       1.629393259169e+04 
       4.205207857697e-02       1.621632109441e+04 
       4.227763873925e-02       1.613824898888e+04 
       4.250661162352e-02       1.606011378752e+04 
       4.273916600842e-02       1.598169047712e+04 
       4.297548252239e-02       1.590325511305e+04 
       4.321575475296e-02       1.582434693999e+04 
       4.346019048666e-02       1.574542587877e+04 
       4.370901309796e-02       1.566609714496e+04 
       4.396246310901e-02       1.558653893622e+04 
       4.422079994544e-02       1.550662429052e+04 
       4.448430391802e-02       1.542645674949e+04 
       4.475327846516e-02       1.534591336789e+04 
       4.502805269771e-02       1.526492383082e+04 
       4.530898429513e-02       1.518346994976e+04 
       4.559646281159e-02       1.510174069587e+04 
       4.589091346174e-02       1.501945475763e+04 
       4.619280147001e-02       1.493655822537e+04 
       4.650263708426e-02       1.485316012888e+04 
       4.682098137575e-02       1.476918433215e+04 
       4.714845297348e-02       1.468441788975e+04 
       4.748573591324e-02       1.459917043445e+04 
       4.783358882252e-02       1.451281543313e+04 
       4.819285571271e-02       1.442596467345e+04 
       4.856447871425e-02       1.433800453876e+04 
       4.894951317091e-02       1.424897684504e+04 
       4.934914561135e-02       1.415874238784e+04 
       4.976471524645e-02       1.406732634199e+04 
       5.019773980596e-02       1.397467451543e+04 
       5.064994673911e-02       1.388015008815e+04 
       5.112331107253e-02       1.378453807562e+04 
       5.162010155990e-02       1.368641725398e+04 
       5.214293718774e-02       1.358685615544e+04 
       5.269485663646e-02       1.348415001049e+04 
       5.327940394499e-02       1.337907191948e+04 
       5.390073438166e-02       1.327150601551e+04 
       5.456374533013e-02       1.316013679485e+04 
       5.527423770390e-02       1.304410716338e+04 
       5.603911365152e-02       1.292345307687e+04 
       5.686661534940e-02       1.279698904769e+04 
       5.776660598032e-02       1.266342804865e+04 
       5.875088466378e-02       1.252169007770e+04 
       5.983350695207e-02       1.236888987451e+04 
       6.103104311202e-02       1.220324470295e+04 
       6.236263653032e-02       1.202101252492e+04 
       6.384961617529e-02       1.181707726885e+04 
       6.551428658513e-02       1.158652531718e+04 
       6.737745531844e-02       1.132165950737e+04 
       6.945447961121e-02       1.101623687722e+04 
       7.175040606111e-02       1.066352194665e+04 
       7.425606421576e-02       1.026063918973e+04 
       7.694769337956e-02       9.810087960943e+03 
       7.979130280135e-02       9.320888538304e+03 
       8.274989968016e-02       8.808966170838e+03 
       8.578997480259e-02       8.292839377591e+03 
       8.888492458666e-02       7.791960171466e+03 
       9.201550813370e-02       7.322683722173e+03 
       9.516866638872e-02       6.897380632085e+03 
       9.833589893528e-02       6.523253451663e+03 
       1.015118187208e-01       6.202798740493e+03 
       1.046930685218e-01       5.933925280646e+03 
       1.078775776457e-01       5.711399292384e+03 
       1.110640769232e-01       5.526997966050e+03 
       1.142517913572e-01       5.371327484647e+03 
       1.174402487096e-01       5.234276012275e+03 
       1.206291615261e-01       5.106346941623e+03 
       1.238183548790e-01       4.978731051749e+03 
       1.270077222771e-01       4.844859215275e+03 
       1.301971988236e-01       4.700420855245e+03 
       1.333867448967e-01       4.543852208232e+03 
       1.365763362350e-01       4.375898853724e+03 
       1.397659579164e-01       4.199041826254e+03 
       1.429556007025e-01       4.017787235199e+03 
       1.461452588183e-01       3.836851430963e+03 
       1.493349286038e-01       3.661479894186e+03 
       1.525246076947e-01       3.495975510076e+03 
       1.557142945240e-01       3.343848265753e+03 
       1.589039880188e-01       3.207401633347e+03 
       1.620936874150e-01       3.087555260371e+03 
       1.652833921446e-01       2.984027459809e+03 
       1.684731017659e-01       2.895514154900e+03 
       1.716628159211e-01       2.819876310392e+03 
       1.748525343096e-01       2.754288235554e+03 
       1.780422566713e-01       2.695692935799e+03 
       1.812319827759e-01       2.641035229535e+03 
       1.844217124162e-01       2.587960858816e+03 
       1.876114454035e-01       2.533783932027e+03 
       1.908011815644e-01       2.476639208013e+03 
       1.939909207385e-01       2.415508499179e+03 
       1.971806627769e-01       2.350187048324e+03 
       2.003704075407e-01       2.281233173243e+03 
       2.035601549003e-01       2.209836498441e+03 
       2.067499047342e-01       2.137512056650e+03 
       2.099396569286e-01       2.065909486255e+03 
       2.131294113766e-01       1.996585327403e+03 
       2.163191679778e-01       1.930800599226e+03 
       2.195089266375e-01       1.869582761166e+03 
       2.226986872665e-01       1.813270632317e+03 
       2.258884497810e-01       1.762292972200e+03 
       2.290782141016e-01       1.716534753290e+03 
       2.322679801533e-01       1.675643663642e+03 
       2.354577478653e-01       1.638922939881e+03 
       2.386475171706e-01       1.605652815389e+03 
       2.418372880058e-01       1.574830137092e+03 
       2.450270603106e-01       1.545464779873e+03 
       2.482168340282e-01       1.516705459760e+03 
       2.514066091043e-01       1.487792816312e+03 
       2.545963854876e-01       1.458285488329e+03 
       2.577861631293e-01       1.427745872523e+03 
       2.609759419829e-01       1.396292417764e+03 
       2.641657220043e-01       1.363956731407e+03 
       2.673555031515e-01       1.331043767642e+03 
       2.705452853843e-01       1.297916756480e+03 
       2.737350686647e-01       1.265045181642e+03 
       2.769248529562e-01       1.232900002808e+03 
       2.801146382240e-01       1.201932065603e+03 
       2.833044244351e-01       1.172451531574e+03 
       2.864942115576e-01       1.144780752092e+03 
       2.896839995615e-01       1.119025146044e+03 
       2.928737884176e-01       1.095159406436e+03 
       2.960635780984e-01       1.073061097714e+03 
       2.992533685772e-01       1.052436489771e+03 
       3.024431598288e-01       1.033068568939e+03 
       3.056329518287e-01       1.014668798412e+03 
       3.088227445538e-01       9.969561977213e+02 
       3.120125379816e-01       9.796718122866e+02 
       3.152023320906e-01       9.625916596404e+02 
       3.183921268604e-01       9.455459260278e+02 
       3.215819222712e-01       9.283760460113e+02 
       3.247717183039e-01       9.110561914885e+02 
       3.279615149404e-01       8.935985559054e+02 
       3.311513121631e-01       8.760846798661e+02 
       3.343411099551e-01       8.586544410670e+02 
       3.375309083003e-01       8.413919803449e+02 
       3.407207071830e-01       8.245004487154e+02 
       3.439105065882e-01       8.080799107309e+02 
       3.471003065014e-01       7.922424244329e+02 
       3.502901069088e-01       7.770124468116e+02 
       3.534799077968e-01       7.624539371270e+02 
       3.566697091525e-01       7.485657894961e+02 
       3.598595109634e-01       7.353668512048e+02 
       3.630493132174e-01       7.227953604559e+02 
       3.662391159030e-01       7.107768444136e+02 
       3.694289190089e-01       6.992124470812e+02 
       3.726187225243e-01       6.879969525634e+02 
       3.758085264386e-01       6.770410478352e+02 
       3.789983307419e-01       6.662588686063e+02 
       3.821881354242e-01       6.555997486370e+02 
       3.853779404762e-01       6.450340442117e+02 
       3.885677458887e-01       6.345504732228e+02 
       3.917575516528e-01       6.241495801131e+02 
       3.949473577601e-01       6.138412767725e+02 
       3.981371642022e-01       6.036427922165e+02 
       4.013269709711e-01       5.935802654404e+02 
       4.045167780590e-01       5.836876092488e+02 
       4.077065854585e-01       5.740119605268e+02 
       4.108963931623e-01       5.645584401545e+02 
       4.140862011632e-01       5.553858835411e+02 
       4.172760094545e-01       5.464956478640e+02 
       4.204658180295e-01       5.378883929745e+02 
       4.236556268818e-01       5.295513229210e+02 
       4.268454360052e-01       5.214684199195e+02 
       4.300352453935e-01       5.136200138930e+02 
       4.332250550410e-01       5.059900440987e+02 
       4.364148649419e-01       4.985590286689e+02 
       4.396046750906e-01       4.913107511040e+02 
       4.427944854819e-01       4.842191541204e+02 
       4.459842961104e-01       4.772653703405e+02 
       4.491741069712e-01       4.704218344484e+02 
       4.523639180592e-01       4.636695998400e+02 
       4.555537293697e-01       4.570028890047e+02 
       4.587435408981e-01       4.504197371402e+02 
       4.619333526397e-01       4.439259603214e+02 
       4.651231645903e-01       4.375295606640e+02 
       4.683129767455e-01       4.312371938550e+02 
       4.715027891011e-01       4.250548420110e+02 
       4.746926016531e-01       4.189881589031e+02 
       4.778824143975e-01       4.130392069705e+02 
       4.810722273306e-01       4.072174107562e+02 
       4.842620404486e-01       4.015290958306e+02 
       4.874518537477e-01       3.959800116736e+02 
       4.906416672246e-01       3.905713634039e+02 
       4.938314808757e-01       3.852993480879e+02 
       4.970212946976e-01       3.801567069708e+02 
       5.002111086871e-01       3.751216653054e+02 
       5.034009228410e-01       3.701912147881e+02 
       5.065907371562e-01       3.653495031697e+02 
       5.097805516296e-01       3.605935545584e+02 
       5.129703662583e-01       3.559160073809e+02 
       5.161601810394e-01       3.513141995252e+02 
       5.193499959701e-01       3.467839202698e+02 
       5.225398110475e-01       3.423220962514e+02 
       5.257296262692e-01       3.379338767904e+02 
       5.289194416323e-01       3.335888100791e+02 
       5.321092571344e-01       3.293181960836e+02 
       5.352990727730e-01       3.251159407687e+02 
       5.384888885457e-01       3.209873349367e+02 
       5.416787044500e-01       3.169353263945e+02 
       5.448685204837e-01       3.129629858331e+02 
       5.480583366445e-01       3.090680213464e+02 
       5.512481529301e-01       3.052467228147e+02 
       5.544379693385e-01       3.014952288580e+02 
       5.576277858675e-01       2.978110721614e+02 
       5.608176025150e-01       2.941948182991e+02 
       5.640074192790e-01       2.906460563842e+02 
       5.671972361576e-01       2.871633919875e+02 
       5.703870531488e-01       2.837438083346e+02 
       5.735768702508e-01       2.803825510921e+02 
       5.767666874616e-01       2.770756832274e+02 
       5.799565047796e-01       2.738187821754e+02 
       5.831463222029e-01       2.706097881450e+02 
       5.863361397297e-01       2.674487517294e+02 
       5.895259573586e-01       2.643363561921e+02 
       5.927157750877e-01       2.612735350666e+02 
       5.959055929154e-01       2.582592738570e+02 
       5.990954108402e-01       2.552916524054e+02 
       6.022852288606e-01       2.523689588114e+02 
       6.054750469750e-01       2.494908721425e+02 
       6.086648651819e-01       2.466534496436e+02 
       6.118546834799e-01       2.438694903739e+02 
       6.150445018676e-01       2.411242351445e+02 
       6.182343203435e-01       2.384263008477e+02 
       6.214241389064e-01       2.357678025279e+02 
       6.246139575548e-01       2.331606595207e+02 
       6.278037762875e-01       2.306018532009e+02 
       6.309935951032e-01       2.280687411021e+02 
       6.341834140006e-01       2.255858305446e+02 
       6.373732329785e-01       2.231280302849e+02 
       6.405630520357e-01       2.207145642897e+02 
       6.437528711711e-01       2.183406135533e+02 
       6.469426903833e-01       2.160012944846e+02 
       6.501325096714e-01       2.136975453290e+02 
       6.533223290342e-01       2.114263764945e+02 
       6.565121484707e-01       2.091858761657e+02 
       6.597019679796e-01       2.069759133557e+02 
       6.628917875601e-01       2.047969009936e+02 
       6.660816072110e-01       2.026501811441e+02 
       6.692714269314e-01       2.005370163255e+02 
       6.724612467203e-01       1.984596425751e+02 
       6.756510665766e-01       1.964075185714e+02 
       6.788408864995e-01       1.943812228071e+02 
       6.820307064880e-01       1.923868880474e+02 
       6.852205265412e-01       1.904257199861e+02 
       6.884103466581e-01       1.884870826997e+02 
       6.916001668380e-01       1.865771122068e+02 
       6.947899870799e-01       1.846961184790e+02 
       6.979798073830e-01       1.828434685366e+02 
       7.011696277464e-01       1.810175537022e+02 
       7.043594481693e-01       1.792165960630e+02 
       7.075492686509e-01       1.774373380337e+02 
       7.107390891905e-01       1.756794264896e+02 
       7.139289097872e-01       1.739489309629e+02 
       7.171187304403e-01       1.722425859917e+02 
       7.203085511490e-01       1.705604071343e+02 
       7.234983719126e-01       1.689022170475e+02 
       7.266881927304e-01       1.672669693983e+02 
       7.298780136016e-01       1.656526116836e+02 
       7.330678345256e-01       1.640585204927e+02 
       7.362576555017e-01       1.624841128642e+02 
       7.394474765291e-01       1.609348747350e+02 
       7.426372976073e-01       1.593993183850e+02 
       7.458271187355e-01       1.578928252898e+02 
       7.490169399132e-01       1.564037348224e+02 
       7.522067611397e-01       1.549347648346e+02 
       7.553965824144e-01       1.534843691705e+02 
       8.274015231438e-01       1.252075018546e+02 
       9.327687769845e-01       9.547788046033e+01 
       1.101522257712e+00       6.519498230752e+01 
