# Matter power spectrum P(k) at redshift z=0
# for k=0.000782008 to 826.306 h/Mpc,
# number of wavenumbers equal to 521
#    1:k (h/Mpc)              2:P (Mpc/h)^3        
       7.820083848374e-04       1.738679750773e-04 
       6.176822371528e-03       1.269200718768e-03 
       1.871764651806e-02       3.683700269889e-03 
       3.155027742853e-02       6.076206687344e-03 
       4.440693395037e-02       8.420816393812e-03 
       5.727028818301e-02       1.072273828292e-02 
       7.013654944960e-02       1.298535540925e-02 
       8.300442891518e-02       1.521080667753e-02 
       9.587337329377e-02       1.740029434375e-02 
       1.087431082837e-01       1.955466723989e-02 
       1.216134842655e-01       2.167465233892e-02 
       1.344844141732e-01       2.376041848361e-02 
       1.473558451604e-01       2.581242294793e-02 
       1.602277444086e-01       2.783114907406e-02 
       1.731000914808e-01       2.981698531109e-02 
       1.859728739519e-01       3.177025169174e-02 
       1.988460847869e-01       3.369126747765e-02 
       2.117197207044e-01       3.558032368207e-02 
       2.245937811191e-01       3.743780528681e-02 
       2.374682674373e-01       3.926397368920e-02 
       2.503431825766e-01       4.105922164186e-02 
       2.632185306308e-01       4.282382434150e-02 
       2.760943166317e-01       4.455821265221e-02 
       2.889705463762e-01       4.626265293194e-02 
       3.018472263006e-01       4.793757390186e-02 
       3.147243633863e-01       4.958330945401e-02 
       3.276019650894e-01       5.120024805236e-02 
       3.404800392882e-01       5.278873557778e-02 
       3.533585942418e-01       5.434943826447e-02 
       3.662376385597e-01       5.588216447182e-02 
       3.791171811782e-01       5.738745923919e-02 
       3.919972313420e-01       5.886597291572e-02 
       4.048777985909e-01       6.031825362886e-02 
       4.177588927494e-01       6.174407081602e-02 
       4.306405239188e-01       6.314295444651e-02 
       4.435227024726e-01       6.451712014696e-02 
       4.564054390518e-01       6.586543352174e-02 
       4.692887445638e-01       6.718867493224e-02 
       4.821726301805e-01       6.848871909982e-02 
       4.950571073389e-01       6.976325296731e-02 
       5.079421877415e-01       7.101413170434e-02 
       5.208278833580e-01       7.224213161534e-02 
       5.337142064273e-01       7.344574673372e-02 
       5.466011694602e-01       7.462788944797e-02 
       5.594887852423e-01       7.578563623069e-02 
       5.723770668380e-01       7.692226197181e-02 
       5.852660275935e-01       7.803721415130e-02 
       5.981556811417e-01       7.912866128907e-02 
       6.110460414062e-01       8.020017888783e-02 
       6.239371226064e-01       8.124982998293e-02 
       6.368289392619e-01       8.227864169093e-02 
       6.497215061985e-01       8.328729843097e-02 
       6.626148385529e-01       8.427660065806e-02 
       6.755089517789e-01       8.524485505471e-02 
       6.884038616527e-01       8.619232001177e-02 
       7.012995842796e-01       8.712221292330e-02 
       7.141961360997e-01       8.803138702812e-02 
       7.270935338946e-01       8.892160587653e-02 
       7.399917947941e-01       8.979409596195e-02 
       7.528909362828e-01       9.064712805116e-02 
       7.657909762070e-01       9.148213971780e-02 
       7.786919327825e-01       9.230042268914e-02 
       7.915938246010e-01       9.309987933102e-02 
       8.044966706386e-01       9.388235320332e-02 
       8.174004902629e-01       9.464630251241e-02 
       8.303053032410e-01       9.539339065036e-02 
       8.432111297479e-01       9.612311290969e-02 
       8.561179903746e-01       9.683831301444e-02 
       8.690259061366e-01       9.753607185157e-02 
       8.819348984825e-01       9.821569307182e-02 
       8.948449893030e-01       9.888200975621e-02 
       9.077562009401e-01       9.953182760134e-02 
       9.206685561960e-01       1.001677589967e-01 
       9.335820783433e-01       1.007838268491e-01 
       9.464967911337e-01       1.013854011754e-01 
       9.594127188090e-01       1.019743448910e-01 
       9.723298861106e-01       1.025475969940e-01 
       9.852483182900e-01       1.031128887558e-01 
       9.981680411194e-01       1.036505755900e-01 
       1.011089080903e+00       1.041796725737e-01 
       1.024011464487e+00       1.046949655376e-01 
       1.036935219272e+00       1.051970170360e-01 
       1.049860373225e+00       1.056842969732e-01 
       1.062786954889e+00       1.061578564506e-01 
       1.075714993397e+00       1.066203607479e-01 
       1.088644518485e+00       1.070672419028e-01 
       1.101575560502e+00       1.075012898552e-01 
       1.114508150426e+00       1.079237552800e-01 
       1.127442319874e+00       1.083320500166e-01 
       1.140378101119e+00       1.087285174999e-01 
       1.153315527101e+00       1.091131414732e-01 
       1.166254631441e+00       1.094823391176e-01 
       1.179195448460e+00       1.098428142473e-01 
       1.192138013186e+00       1.101885834325e-01 
       1.205082361376e+00       1.105256658928e-01 
       1.218028529529e+00       1.108495062387e-01 
       1.230976554900e+00       1.111613764826e-01 
       1.243926475519e+00       1.114613755303e-01 
       1.256878330203e+00       1.117518522478e-01 
       1.269832158581e+00       1.120282627444e-01 
       1.282788001102e+00       1.122950202043e-01 
       1.295745899058e+00       1.125535835460e-01 
       1.308705894601e+00       1.127971443519e-01 
       1.321668030761e+00       1.130344128682e-01 
       1.334632351465e+00       1.132586965283e-01 
       1.347598901555e+00       1.134726295472e-01 
       1.360567726811e+00       1.136774488202e-01 
       1.373538873967e+00       1.138702384094e-01 
       1.386512390734e+00       1.140544834980e-01 
       1.399488325822e+00       1.142284286367e-01 
       1.412466728959e+00       1.143942153361e-01 
       1.425447650914e+00       1.145481931789e-01 
       1.438431143520e+00       1.146950658350e-01 
       1.451417259697e+00       1.148326489654e-01 
       1.464406053476e+00       1.149590908600e-01 
       1.477397580021e+00       1.150774959807e-01 
       1.490391895657e+00       1.151866354723e-01 
       1.503389057892e+00       1.152868159115e-01 
       1.516389125445e+00       1.153775653243e-01 
       1.529392158272e+00       1.154610429253e-01 
       1.542398217594e+00       1.155346746590e-01 
       1.555407365921e+00       1.156023775892e-01 
       1.568419667085e+00       1.156601769066e-01 
       1.581435186267e+00       1.157092783852e-01 
       1.594453990027e+00       1.157508196512e-01 
       1.607476146334e+00       1.157842669804e-01 
       1.620501724596e+00       1.158110938219e-01 
       1.633530795696e+00       1.158286418956e-01 
       1.646563432020e+00       1.158395944516e-01 
       1.659599707494e+00       1.158417595977e-01 
       1.672639697616e+00       1.158379276942e-01 
       1.685683479493e+00       1.158260719927e-01 
       1.698731131874e+00       1.158073151545e-01 
       1.711782735190e+00       1.157813445900e-01 
       1.724838371590e+00       1.157497236238e-01 
       1.737898124980e+00       1.157091111656e-01 
       1.750962081064e+00       1.156645445557e-01 
       1.764030327382e+00       1.156108479519e-01 
       1.777102953353e+00       1.155509027553e-01 
       1.790180050317e+00       1.154844908922e-01 
       1.803261711581e+00       1.154114518784e-01 
       1.816348032459e+00       1.153335840971e-01 
       1.829439110324e+00       1.152467148974e-01 
       1.842535044649e+00       1.151568355383e-01 
       1.855635937060e+00       1.150596678453e-01 
       1.868741891384e+00       1.149548120887e-01 
       1.881853013696e+00       1.148463706187e-01 
       1.894969412378e+00       1.147310120283e-01 
       1.908091198167e+00       1.146101047253e-01 
       1.921218484211e+00       1.144864683410e-01 
       1.934351386125e+00       1.143542447201e-01 
       1.947490022052e+00       1.142173260484e-01 
       1.960634512716e+00       1.140739604384e-01 
       1.973784981486e+00       1.139263891168e-01 
       1.986941554440e+00       1.137748083517e-01 
       2.000104360425e+00       1.136176434991e-01 
       2.013273531126e+00       1.134561491082e-01 
       2.026449201130e+00       1.132882239441e-01 
       2.039631507998e+00       1.131164380546e-01 
       2.052820592335e+00       1.129380650911e-01 
       2.066016597861e+00       1.127564331532e-01 
       2.079219671491e+00       1.125727858812e-01 
       2.092429963405e+00       1.123821077127e-01 
       2.105647627131e+00       1.121871919262e-01 
       2.118872819628e+00       1.119877124465e-01 
       2.132105701363e+00       1.117839049342e-01 
       2.145346436406e+00       1.115752793176e-01 
       2.158595192507e+00       1.113638871569e-01 
       2.171852141196e+00       1.111479002893e-01 
       2.185117457873e+00       1.109285276501e-01 
       2.198391321900e+00       1.107051595988e-01 
       2.211673916706e+00       1.104781591281e-01 
       2.224965429883e+00       1.102468667182e-01 
       2.238266053293e+00       1.100124986846e-01 
       2.251575983174e+00       1.097750214159e-01 
       2.264895420252e+00       1.095356490100e-01 
       2.278224569852e+00       1.092900977267e-01 
       2.291563642016e+00       1.090418186316e-01 
       2.304912851625e+00       1.087902317556e-01 
       2.318272418520e+00       1.085357194366e-01 
       2.331642567632e+00       1.082768616244e-01 
       2.345023529111e+00       1.080162855986e-01 
       2.358415538464e+00       1.077538191659e-01 
       2.371818836693e+00       1.074852655912e-01 
       2.385233670439e+00       1.072170970754e-01 
       2.398660292131e+00       1.069446490088e-01 
       2.412098960136e+00       1.066698930804e-01 
       2.425549938921e+00       1.063910310067e-01 
       2.439013499211e+00       1.061109781108e-01 
       2.452489918159e+00       1.058280378916e-01 
       2.465979479518e+00       1.055416449888e-01 
       2.479482473821e+00       1.052544803972e-01 
       2.492999198560e+00       1.049638466436e-01 
       2.506529958385e+00       1.046713007022e-01 
       2.520075065290e+00       1.043765802062e-01 
       2.533634838823e+00       1.040790441201e-01 
       2.547209606292e+00       1.037804999741e-01 
       2.560799702980e+00       1.034801326446e-01 
       2.574405472373e+00       1.031767026087e-01 
       2.588027266386e+00       1.028709056946e-01 
       2.601665445603e+00       1.025621721327e-01 
       2.615320379526e+00       1.022549112648e-01 
       2.628992446828e+00       1.019444022495e-01 
       2.642682035617e+00       1.016327058667e-01 
       2.656389543709e+00       1.013173145185e-01 
       2.670115378912e+00       1.010001575779e-01 
       2.683859959318e+00       1.006829735320e-01 
       2.697623713606e+00       1.003639297845e-01 
       2.711407081356e+00       1.000433689784e-01 
       2.725210513372e+00       9.972255208298e-02 
       2.739034472025e+00       9.939855574228e-02 
       2.752879431593e+00       9.907439960206e-02 
       2.766745878632e+00       9.874876976903e-02 
       2.780634312346e+00       9.842119454643e-02 
       2.794545244977e+00       9.809290254389e-02 
       2.808479202212e+00       9.776309464437e-02 
       2.822436723601e+00       9.743121831239e-02 
       2.836418362989e+00       9.709890230324e-02 
       2.850424688975e+00       9.676759324291e-02 
       2.864456285375e+00       9.643398168677e-02 
       2.878513751715e+00       9.609746448144e-02 
       2.892597703737e+00       9.576215244779e-02 
       2.906708773924e+00       9.542511086072e-02 
       2.920847612054e+00       9.508741334554e-02 
       2.935014885766e+00       9.474845208238e-02 
       2.949211281154e+00       9.441046402389e-02 
       2.963437503391e+00       9.406989167744e-02 
       2.977694277368e+00       9.372986718070e-02 
       2.991982348365e+00       9.338965395759e-02 
       3.006302482755e+00       9.304677495144e-02 
       3.020655468728e+00       9.270497141976e-02 
       3.035042117052e+00       9.236235535994e-02 
       3.049463261869e+00       9.201817432872e-02 
       3.063919761521e+00       9.167364978683e-02 
       3.078412499413e+00       9.132913575389e-02 
       3.092942384916e+00       9.098375383630e-02 
       3.107510354312e+00       9.063894456411e-02 
       3.122117371778e+00       9.029328277734e-02 
       3.136764430413e+00       8.994744259541e-02 
       3.151452553324e+00       8.959943650836e-02 
       3.166182794746e+00       8.925201747444e-02 
       3.180956241227e+00       8.890720579471e-02 
       3.195774012865e+00       8.855977223413e-02 
       3.210637264601e+00       8.821222647221e-02 
       3.225547187580e+00       8.786314617557e-02 
       3.240505010578e+00       8.751609258677e-02 
       3.255512001489e+00       8.716811199517e-02 
       3.270569468902e+00       8.682190624424e-02 
       3.285678763747e+00       8.647121582316e-02 
       3.300841281023e+00       8.612333735849e-02 
       3.316058461622e+00       8.577592133863e-02 
       3.331331794243e+00       8.542757044786e-02 
       3.346662817402e+00       8.507727171083e-02 
       3.362053121560e+00       8.472974507855e-02 
       3.377504351352e+00       8.438107384141e-02 
       3.393018207942e+00       8.403213446532e-02 
       3.408596451511e+00       8.368485843391e-02 
       3.424240903869e+00       8.333733878420e-02 
       3.439953451229e+00       8.298808073344e-02 
       3.455736047124e+00       8.263885453762e-02 
       3.471590715498e+00       8.229253911911e-02 
       3.487519553971e+00       8.194351900078e-02 
       3.503524737298e+00       8.159720478441e-02 
       3.519608521028e+00       8.124599476029e-02 
       3.535773245384e+00       8.089981325434e-02 
       3.552021339378e+00       8.055337797296e-02 
       3.568355325174e+00       8.020576557238e-02 
       3.584777822724e+00       7.985923596301e-02 
       3.601291554689e+00       7.951029809948e-02 
       3.617899351683e+00       7.916340909590e-02 
       3.634604157838e+00       7.881630367347e-02 
       3.651409036743e+00       7.847116423842e-02 
       3.668317177766e+00       7.812281016972e-02 
       3.685331902803e+00       7.777805815632e-02 
       3.702456673475e+00       7.743072259920e-02 
       3.719695098828e+00       7.708451138251e-02 
       3.737050943554e+00       7.673798378139e-02 
       3.754528136797e+00       7.639255261741e-02 
       3.772130781590e+00       7.604676253846e-02 
       3.789863164960e+00       7.570241047290e-02 
       3.807729768784e+00       7.535679856234e-02 
       3.825735281448e+00       7.501032458098e-02 
       3.843884610382e+00       7.466777324970e-02 
       3.862182895556e+00       7.432061930426e-02 
       3.880635524016e+00       7.397607261622e-02 
       3.899248145574e+00       7.363174209155e-02 
       3.918026689747e+00       7.328770574050e-02 
       3.936977384061e+00       7.294348712019e-02 
       3.956106773885e+00       7.259618580764e-02 
       3.975421743902e+00       7.225490123779e-02 
       3.994929541422e+00       7.190925539242e-02 
       4.014637801705e+00       7.156222876871e-02 
       4.034554575509e+00       7.121776638144e-02 
       4.054688359104e+00       7.087298486368e-02 
       4.075048127008e+00       7.053118743275e-02 
       4.095643367754e+00       7.018287059700e-02 
       4.116484123026e+00       6.984064419001e-02 
       4.137581030539e+00       6.949246445524e-02 
       4.158945371104e+00       6.914666868718e-02 
       4.180589120367e+00       6.880170929867e-02 
       4.202525005789e+00       6.845673523577e-02 
       4.224766569501e+00       6.810845208663e-02 
       4.247328237770e+00       6.776344485791e-02 
       4.270225397914e+00       6.741357142774e-02 
       4.293474483636e+00       6.706608720885e-02 
       4.317093069884e+00       6.671757653489e-02 
       4.341099978519e+00       6.636857773780e-02 
       4.365515396296e+00       6.601799426509e-02 
       4.390361006866e+00       6.566986889274e-02 
       4.415660138824e+00       6.531440161987e-02 
       4.441437932165e+00       6.496174984497e-02 
       4.467721525887e+00       6.460872287659e-02 
       4.494540270010e+00       6.425594662128e-02 
       4.521925965824e+00       6.389801397083e-02 
       4.549913138903e+00       6.353983861569e-02 
       4.578539350275e+00       6.318374445281e-02 
       4.607845552168e+00       6.282255577832e-02 
       4.637876496019e+00       6.246078048539e-02 
       4.668681201991e+00       6.209703420132e-02 
       4.700313501127e+00       6.173047314869e-02 
       4.732832663662e+00       6.136159936689e-02 
       4.766304129900e+00       6.099243490137e-02 
       4.800800363723e+00       6.061611618717e-02 
       4.836401853344e+00       6.024035416711e-02 
       4.873198289646e+00       5.986067722091e-02 
       4.911289959622e+00       5.947246861461e-02 
       4.950789401605e+00       5.909104519849e-02 
       4.991823380500e+00       5.869276870792e-02 
       5.034535255993e+00       5.830191556280e-02 
       5.079087835474e+00       5.789807942895e-02 
       5.125666827347e+00       5.749124646045e-02 
       5.174485040846e+00       5.707122149331e-02 
       5.225787517028e+00       5.664913149922e-02 
       5.279857823947e+00       5.622007784329e-02 
       5.337025808469e+00       5.577861127324e-02 
       5.397677168207e+00       5.532747562109e-02 
       5.462265286737e+00       5.486426029457e-02 
       5.531325854531e+00       5.438636219207e-02 
       5.605494853058e+00       5.389086420145e-02 
       5.685530458295e+00       5.337522500314e-02 
       5.772339214273e+00       5.283434231949e-02 
       5.867006226008e+00       5.226403502939e-02 
       5.970827732187e+00       5.165492979317e-02 
       6.085341567982e+00       5.099922595005e-02 
       6.212345703750e+00       5.028375073671e-02 
       6.353886127536e+00       4.949036887319e-02 
       6.512182806499e+00       4.859647022722e-02 
       6.689450761170e+00       4.757746828905e-02 
       6.887577293982e+00       4.639575792336e-02 
       7.107663950452e+00       4.502254508569e-02 
       7.349552095740e+00       4.343245072139e-02 
       7.611573048151e+00       4.162149675719e-02 
       7.890746574670e+00       3.961106492894e-02 
       8.183403374897e+00       3.745637877982e-02 
       8.485921109752e+00       3.523511094735e-02 
       8.795240462370e+00       3.303420305758e-02 
       9.109050929511e+00       3.093550182485e-02 
       9.425737979870e+00       2.900433548147e-02 
       9.744230597455e+00       2.728695992789e-02 
       1.006384188239e+01       2.580524802205e-02 
       1.038414060617e+01       2.456073143347e-02 
       1.070485963254e+01       2.353636597420e-02 
       1.102583483223e+01       2.270357555266e-02 
       1.134696587094e+01       2.202150326865e-02 
       1.166819160154e+01       2.144728614301e-02 
       1.198947482868e+01       2.093535187914e-02 
       1.231079295247e+01       2.044387752003e-02 
       1.263213225074e+01       1.993756596935e-02 
       1.295348439515e+01       1.939127187478e-02 
       1.327484433234e+01       1.878811421291e-02 
       1.359620899655e+01       1.812742044434e-02 
       1.391757652802e+01       1.741593054097e-02 
       1.423894579866e+01       1.666916615593e-02 
       1.456031612421e+01       1.590803359323e-02 
       1.488168708962e+01       1.515549527517e-02 
       1.520305844316e+01       1.443344422331e-02 
       1.552443003212e+01       1.376040521699e-02 
       1.584580176391e+01       1.315019101502e-02 
       1.616717358234e+01       1.261105222660e-02 
       1.648854545333e+01       1.214490922089e-02 
       1.680991735623e+01       1.174889078575e-02 
       1.713128927849e+01       1.141556701451e-02 
       1.745266121252e+01       1.113415838929e-02 
       1.777403315369e+01       1.089116596903e-02 
       1.809540509921e+01       1.067336773231e-02 
       1.841677704738e+01       1.046878046782e-02 
       1.873814899717e+01       1.026524073769e-02 
       1.905952094796e+01       1.005156318688e-02 
       1.938089289936e+01       9.821121186221e-03 
       1.970226485114e+01       9.570624214286e-03 
       2.002363680316e+01       9.300742064263e-03 
       2.034500875535e+01       9.014993933718e-03 
       2.066638070763e+01       8.719515014305e-03 
       2.098775265999e+01       8.421474752662e-03 
       2.130912461240e+01       8.128369362340e-03 
       2.163049656485e+01       7.846456107367e-03 
       2.195186851733e+01       7.581086064934e-03 
       2.227324046983e+01       7.336204408794e-03 
       2.259461242236e+01       7.113485928874e-03 
       2.291598437491e+01       6.914262579862e-03 
       2.323735632748e+01       6.737325049270e-03 
       2.355872828007e+01       6.581027014727e-03 
       2.388010023267e+01       6.442059941471e-03 
       2.420147218529e+01       6.316589832165e-03 
       2.452284413793e+01       6.200028897503e-03 
       2.484421609058e+01       6.088189608961e-03 
       2.516558804324e+01       5.977266061795e-03 
       2.548695999592e+01       5.864218118864e-03 
       2.580833194861e+01       5.747196343967e-03 
       2.612970390131e+01       5.625285670832e-03 
       2.645107585402e+01       5.498436765463e-03 
       2.677244780675e+01       5.367414945356e-03 
       2.709381975948e+01       5.233620534185e-03 
       2.741519171223e+01       5.098891073537e-03 
       2.773656366498e+01       4.965494188861e-03 
       2.805793561775e+01       4.835579850190e-03 
       2.837930757053e+01       4.711132542322e-03 
       2.870067952331e+01       4.593738964463e-03 
       2.902205147611e+01       4.484333807202e-03 
       2.934342342891e+01       4.383251537711e-03 
       2.966479538172e+01       4.290170573138e-03 
       2.998616733454e+01       4.204358098712e-03 
       3.030753928736e+01       4.124796922666e-03 
       3.062891124020e+01       4.050281168520e-03 
       3.095028319304e+01       3.979544488136e-03 
       3.127165514589e+01       3.911331212497e-03 
       3.159302709874e+01       3.844502242822e-03 
       3.191439905161e+01       3.778006961111e-03 
       3.223577100448e+01       3.711085679657e-03 
       3.255714295735e+01       3.643266592679e-03 
       3.287851491023e+01       3.574418384411e-03 
       3.319988686312e+01       3.504715676492e-03 
       3.352125881601e+01       3.434670753955e-03 
       3.384263076891e+01       3.364838082890e-03 
       3.416400272181e+01       3.295877510995e-03 
       3.448537467472e+01       3.228378522596e-03 
       3.480674662764e+01       3.162869900421e-03 
       3.512811858055e+01       3.099787736247e-03 
       3.544949053348e+01       3.039443680123e-03 
       3.577086248641e+01       2.982015298821e-03 
       3.609223443934e+01       2.927602083326e-03 
       3.641360639228e+01       2.876061072807e-03 
       3.673497834522e+01       2.827149464186e-03 
       3.705635029817e+01       2.780464599366e-03 
       3.737772225112e+01       2.735547232003e-03 
       3.769909420407e+01       2.691939835975e-03 
       3.802046615703e+01       2.649247181259e-03 
       3.834183810999e+01       2.607164648692e-03 
       3.866321006296e+01       2.565478912628e-03 
       3.898458201593e+01       2.524061900384e-03 
       3.930595396890e+01       2.482855109811e-03 
       3.962732592187e+01       2.441849763079e-03 
       3.994869787485e+01       2.401096413350e-03 
       4.027006982784e+01       2.360673006422e-03 
       4.059144178082e+01       2.320759929159e-03 
       4.091281373381e+01       2.281533116730e-03 
       4.123418568680e+01       2.243176921873e-03 
       4.155555763980e+01       2.205852879093e-03 
       4.187692959280e+01       2.169668126113e-03 
       4.219830154580e+01       2.134632685459e-03 
       4.251967349880e+01       2.100770749376e-03 
       4.284104545181e+01       2.068011668136e-03 
       4.316241740482e+01       2.036308474995e-03 
       4.348378935783e+01       2.005602246914e-03 
       4.380516131085e+01       1.975816538891e-03 
       4.412653326386e+01       1.946863733797e-03 
       4.444790521688e+01       1.918625173685e-03 
       4.476927716990e+01       1.890985979502e-03 
       4.509064912293e+01       1.863830056367e-03 
       4.541202107595e+01       1.837038297524e-03 
       4.573339302898e+01       1.810561164009e-03 
       4.605476498201e+01       1.784400038099e-03 
       4.637613693505e+01       1.758544152401e-03 
       4.669750888808e+01       1.733008920921e-03 
       4.701888084112e+01       1.707837695756e-03 
       4.734025279416e+01       1.683057452006e-03 
       4.766162474720e+01       1.658679379561e-03 
       4.798299670024e+01       1.634740842011e-03 
       4.830436865329e+01       1.611294392992e-03 
       4.862574060633e+01       1.588384538027e-03 
       4.894711255938e+01       1.566043761371e-03 
       4.926848451243e+01       1.544299793319e-03 
       4.958985646548e+01       1.523140059056e-03 
       4.991122841854e+01       1.502520523119e-03 
       5.023260037159e+01       1.482402710472e-03 
       5.055397232465e+01       1.462721426508e-03 
       5.087534427771e+01       1.443440462418e-03 
       5.119671623077e+01       1.424517490177e-03 
       5.151808818383e+01       1.405931131157e-03 
       5.183946013689e+01       1.387661533425e-03 
       5.216083208996e+01       1.369674289142e-03 
       5.248220404302e+01       1.351952864988e-03 
       5.280357599609e+01       1.334461016425e-03 
       5.312494794916e+01       1.317202914961e-03 
       5.344631990223e+01       1.300178617504e-03 
       5.376769185530e+01       1.283418427103e-03 
       5.408906380838e+01       1.266933256280e-03 
       5.441043576145e+01       1.250750483291e-03 
       5.473180771453e+01       1.234874356303e-03 
       5.505317966761e+01       1.219303367616e-03 
       5.537455162068e+01       1.204029626816e-03 
       5.569592357376e+01       1.189040025390e-03 
       5.601729552684e+01       1.174330131888e-03 
       5.633866747993e+01       1.159910243140e-03 
       5.902670843198e+01       1.049065208021e-03 
       6.205850184901e+01       9.403607535722e-04 
       6.555431387601e+01       8.339893739022e-04 
       6.970852297514e+01       7.280651736202e-04 
       7.485855260492e+01       6.212954658465e-04 
       8.164193061341e+01       5.113543915448e-04 
       9.136762767634e+01       3.961033910399e-04 
       1.067160141509e+02       2.771759250884e-04 
       1.312019207148e+02       1.710355168550e-04 
       1.648744926125e+02       9.933246874907e-05 
       2.075587906241e+02       5.692291126131e-05 
       2.613010130192e+02       3.234924054685e-05 
       3.289584854047e+02       1.824669748723e-05 
       4.141341967013e+02       1.022222705227e-05 
       5.213640641202e+02       5.691349140824e-06 
       6.563584691172e+02       3.150781302659e-06 
       8.263063560180e+02       1.735242375472e-06 
