# Matter power spectrum P(k) at redshift z=0
# for k=1.26656e-05 to 1.64818 h/Mpc,
# number of wavenumbers equal to 652
#    1:k (h/Mpc)              2:P (Mpc/h)^3        
       1.266556205317e-05       2.324345950266e+01 
       2.555117002201e-05       4.572251910222e+01 
       3.848802951711e-05       6.797643333816e+01 
       5.151099106682e-05       9.028901476656e+01 
       6.465553403533e-05       1.128577780901e+02 
       7.795808321223e-05       1.358506584777e+02 
       9.145633622166e-05       1.594237864458e+02 
       1.051896060810e-04       1.837289655188e+02 
       1.191991832739e-04       2.089181959448e+02 
       1.335287217341e-04       2.351459564047e+02 
       1.482246531325e-04       2.625709710151e+02 
       1.633366337874e-04       2.913574001016e+02 
       1.789180283088e-04       3.216752941759e+02 
       1.950264336773e-04       3.537008311215e+02 
       2.117242467389e-04       3.876159663671e+02 
       2.290792769280e-04       4.236074229192e+02 
       2.471654042476e-04       4.618650880618e+02 
       2.660632798909e-04       5.025793695653e+02 
       2.858610631230e-04       5.459376987838e+02 
       3.066551827932e-04       5.921197085292e+02 
       3.285511047498e-04       6.412911491052e+02 
       3.516640770663e-04       6.935963015565e+02 
       3.761198129997e-04       7.491488891076e+02 
       4.020550567665e-04       8.080216545366e+02 
       4.296179596360e-04       8.702349135791e+02 
       4.589681741463e-04       9.357447573678e+02 
       4.902765539850e-04       1.004431737907e+03 
       5.237243290415e-04       1.076091859348e+03 
       5.595016137359e-04       1.150431064982e+03 
       5.978051081268e-04       1.227065891140e+03 
       6.388348730734e-04       1.305531939941e+03 
       6.827901107421e-04       1.385301768012e+03 
       7.298639658780e-04       1.465812901603e+03 
       7.802374820963e-04       1.546504431839e+03 
       8.340729924708e-04       1.626859608899e+03 
       8.915073746213e-04       1.706448809278e+03 
       9.526457257659e-04       1.784966965231e+03 
       1.017556075688e-03       1.862259089673e+03 
       1.086265723560e-03       1.938328846782e+03 
       1.158759644987e-03       2.013328951557e+03 
       1.234981183686e-03       2.087534478359e+03 
       1.314834961439e-03       2.161304641585e+03 
       1.398191670441e-03       2.235029314299e+03 
       1.484894211112e-03       2.309106829261e+03 
       1.574764541768e-03       2.383902920544e+03 
       1.667610619657e-03       2.459713979900e+03 
       1.763232913673e-03       2.536759308470e+03 
       1.861430120077e-03       2.615175912040e+03 
       1.962003874903e-03       2.695023534871e+03 
       2.064762400537e-03       2.776293470869e+03 
       2.169523132764e-03       2.858920877993e+03 
       2.276114444101e-03       2.942797327789e+03 
       2.384376613782e-03       3.027783977131e+03 
       2.494162202639e-03       3.113722369355e+03 
       2.605335981495e-03       3.200443729019e+03 
       2.717774542446e-03       3.287776021282e+03 
       2.831365699459e-03       3.375549927869e+03 
       2.946007761807e-03       3.463601902866e+03 
       3.061608743312e-03       3.551777208243e+03 
       3.178085552915e-03       3.639931616422e+03 
       3.295363198173e-03       3.727932098975e+03 
       3.413374022399e-03       3.815657700643e+03 
       3.532056988110e-03       3.902997502772e+03 
       3.651357013538e-03       3.989851638256e+03 
       3.771224364833e-03       4.076131541940e+03 
       3.891614103777e-03       4.161756586621e+03 
       4.012485589018e-03       4.246656165813e+03 
       4.133802027704e-03       4.330767367973e+03 
       4.255530073830e-03       4.414034397971e+03 
       4.377639469323e-03       4.496407555085e+03 
       4.500102723892e-03       4.577845312122e+03 
       4.622894829807e-03       4.658311942273e+03 
       4.745993007949e-03       4.737771862511e+03 
       4.869376481808e-03       4.816199947437e+03 
       4.993026276318e-03       4.893571262111e+03 
       5.116925038785e-03       4.969867484157e+03 
       5.241056879377e-03       5.045070930429e+03 
       5.365407228974e-03       5.119168170122e+03 
       5.489962712369e-03       5.192147870091e+03 
       5.614711035076e-03       5.264003293391e+03 
       5.739640882174e-03       5.334725437682e+03 
       5.864741827818e-03       5.404313890540e+03 
       5.990004254207e-03       5.472765471311e+03 
       6.115419278922e-03       5.540071596608e+03 
       6.240978689708e-03       5.606240814769e+03 
       6.366674885857e-03       5.671268643698e+03 
       6.492500825463e-03       5.735155035698e+03 
       6.618449977904e-03       5.797907104796e+03 
       6.744516280972e-03       5.859528152560e+03 
       6.870694102161e-03       5.920023054293e+03 
       6.996978203659e-03       5.979397749936e+03 
       7.123363710645e-03       6.037653951586e+03 
       7.249846082566e-03       6.094798245841e+03 
       7.376421087053e-03       6.150837359988e+03 
       7.503084776232e-03       6.205786295034e+03 
       7.629833465171e-03       6.259653401920e+03 
       7.756663712250e-03       6.312437495119e+03 
       7.883572301266e-03       6.364145242680e+03 
       8.010556225098e-03       6.414789480432e+03 
       8.137612670783e-03       6.464503417885e+03 
       8.264739005867e-03       6.512936695431e+03 
       8.391932765900e-03       6.560450850680e+03 
       8.519191642987e-03       6.606945270263e+03 
       8.646513475271e-03       6.652407650640e+03 
       8.773896237290e-03       6.696865465017e+03 
       8.901338031098e-03       6.740338056200e+03 
       9.028837078109e-03       6.782816123251e+03 
       9.156391711581e-03       6.824281771034e+03 
       9.284000369692e-03       6.864826027241e+03 
       9.411661589149e-03       6.904360066234e+03 
       9.539373999300e-03       6.942960416854e+03 
       9.667136316681e-03       6.980618339552e+03 
       9.794947339986e-03       7.017388561703e+03 
       9.922805945411e-03       7.053189776741e+03 
       1.005071108234e-02       7.088089897752e+03 
       1.017866176936e-02       7.122041250712e+03 
       1.030665709055e-02       7.155196187468e+03 
       1.043469619206e-02       7.187400814289e+03 
       1.056277827892e-02       7.218743223437e+03 
       1.069090261210e-02       7.249164333707e+03 
       1.081906850574e-02       7.278783102641e+03 
       1.094727532464e-02       7.307532799229e+03 
       1.107552248185e-02       7.335454794655e+03 
       1.120380943648e-02       7.362567860376e+03 
       1.133213569169e-02       7.388834669105e+03 
       1.146050079273e-02       7.414327677652e+03 
       1.158890432520e-02       7.438981400728e+03 
       1.171734591341e-02       7.462848799673e+03 
       1.184582521881e-02       7.485925673863e+03 
       1.197434193861e-02       7.508272513005e+03 
       1.210289580443e-02       7.529791564861e+03 
       1.223148658107e-02       7.550572372991e+03 
       1.236011406536e-02       7.570609198459e+03 
       1.248877808511e-02       7.589925832905e+03 
       1.261747849812e-02       7.608472278113e+03 
       1.274621519123e-02       7.626288349750e+03 
       1.287498807953e-02       7.643430470808e+03 
       1.300379710549e-02       7.659850426982e+03 
       1.313264223833e-02       7.675592410259e+03 
       1.326152347326e-02       7.690614876691e+03 
       1.339044083091e-02       7.704969762083e+03 
       1.351939435672e-02       7.718626194053e+03 
       1.364838412045e-02       7.731648871748e+03 
       1.377741021569e-02       7.743981460171e+03 
       1.390647275938e-02       7.755691209513e+03 
       1.403557189148e-02       7.766742691177e+03 
       1.416470777452e-02       7.777165234023e+03 
       1.429388059336e-02       7.786960238511e+03 
       1.442309055483e-02       7.796126634520e+03 
       1.455233788748e-02       7.804694522274e+03 
       1.468162284137e-02       7.812644797854e+03 
       1.481094568787e-02       7.820012577163e+03 
       1.494030671943e-02       7.826779300628e+03 
       1.506970624949e-02       7.832954768802e+03 
       1.519914461235e-02       7.838581011924e+03 
       1.532862216305e-02       7.843626770825e+03 
       1.545813927731e-02       7.848134394537e+03 
       1.558769635147e-02       7.852056481546e+03 
       1.571729380247e-02       7.855478743294e+03 
       1.584693206786e-02       7.858333955881e+03 
       1.597661160577e-02       7.860626480350e+03 
       1.610633289500e-02       7.862456269349e+03 
       1.623609643503e-02       7.863717463798e+03 
       1.636590274611e-02       7.864490853581e+03 
       1.649575236935e-02       7.864773790599e+03 
       1.662564586684e-02       7.864541674462e+03 
       1.675558382179e-02       7.863855495225e+03 
       1.688556683863e-02       7.862623972726e+03 
       1.701559554322e-02       7.860993223758e+03 
       1.714567058303e-02       7.858822399376e+03 
       1.727579262732e-02       7.856220811343e+03 
       1.740596236736e-02       7.853162586449e+03 
       1.753618051667e-02       7.849625897955e+03 
       1.766644781127e-02       7.845692540412e+03 
       1.779676500994e-02       7.841317547587e+03 
       1.792713289451e-02       7.836456693014e+03 
       1.805755227017e-02       7.831238274233e+03 
       1.818802396576e-02       7.825551374177e+03 
       1.831854883412e-02       7.819464519717e+03 
       1.844912775244e-02       7.812977066346e+03 
       1.857976162262e-02       7.806093560123e+03 
       1.871045137167e-02       7.798845739812e+03 
       1.884119795208e-02       7.791157728573e+03 
       1.897200234227e-02       7.783105203319e+03 
       1.910286554702e-02       7.774713259992e+03 
       1.923378859788e-02       7.765890006681e+03 
       1.936477255372e-02       7.756743590790e+03 
       1.949581850113e-02       7.747252344915e+03 
       1.962692755501e-02       7.737358079486e+03 
       1.975810085903e-02       7.727122455327e+03 
       1.988933958621e-02       7.716608774296e+03 
       2.002064493947e-02       7.705708455381e+03 
       2.015201815224e-02       7.694484319950e+03 
       2.028346048902e-02       7.682913854642e+03 
       2.041497324603e-02       7.671081416000e+03 
       2.054655775186e-02       7.658862402617e+03 
       2.067821536813e-02       7.646391909320e+03 
       2.080994749016e-02       7.633619307118e+03 
       2.094175554774e-02       7.620622634972e+03 
       2.107364100577e-02       7.607163021212e+03 
       2.120560536512e-02       7.593495088192e+03 
       2.133765016333e-02       7.579548497179e+03 
       2.146977697547e-02       7.565324761918e+03 
       2.160198741494e-02       7.550821145601e+03 
       2.173428313436e-02       7.536041772405e+03 
       2.186666582642e-02       7.521050065358e+03 
       2.199913722482e-02       7.505733512385e+03 
       2.213169910521e-02       7.490211118275e+03 
       2.226435328614e-02       7.474453508124e+03 
       2.239710163011e-02       7.458415452138e+03 
       2.252994604454e-02       7.442174203873e+03 
       2.266288848288e-02       7.425688758047e+03 
       2.279593094570e-02       7.408962461256e+03 
       2.292907548184e-02       7.392047454842e+03 
       2.306232418952e-02       7.374856031529e+03 
       2.319567921763e-02       7.357522611059e+03 
       2.332914276689e-02       7.339928925919e+03 
       2.346271709122e-02       7.322139580973e+03 
       2.359640449899e-02       7.304170548454e+03 
       2.373020735440e-02       7.285980599928e+03 
       2.386412807894e-02       7.267635193880e+03 
       2.399816915279e-02       7.249063902802e+03 
       2.413233311632e-02       7.230319794703e+03 
       2.426662257168e-02       7.211405527406e+03 
       2.440104018436e-02       7.192299339550e+03 
       2.453558868485e-02       7.173056819905e+03 
       2.467027087038e-02       7.153634007068e+03 
       2.480508960660e-02       7.134041369900e+03 
       2.494004782948e-02       7.114275956268e+03 
       2.507514854714e-02       7.094382919292e+03 
       2.521039484180e-02       7.074326029322e+03 
       2.534578987177e-02       7.054140745719e+03 
       2.548133687356e-02       7.033803909824e+03 
       2.561703916398e-02       7.013344869370e+03 
       2.575290014238e-02       6.992712636557e+03 
       2.588892329290e-02       6.971975442489e+03 
       2.602511218688e-02       6.951081409417e+03 
       2.616147048530e-02       6.930090386608e+03 
       2.629800194128e-02       6.908965803070e+03 
       2.643471040273e-02       6.887746715112e+03 
       2.657159981506e-02       6.866398699358e+03 
       2.670867422397e-02       6.844924497563e+03 
       2.684593777839e-02       6.823353459683e+03 
       2.698339473345e-02       6.801675963206e+03 
       2.712104945364e-02       6.779915695024e+03 
       2.725890641601e-02       6.758062716061e+03 
       2.739697021355e-02       6.736086429393e+03 
       2.753524555864e-02       6.714143320359e+03 
       2.767373728665e-02       6.691915945849e+03 
       2.781245035973e-02       6.669709532041e+03 
       2.795138987059e-02       6.647403885908e+03 
       2.809056104663e-02       6.625021258847e+03 
       2.822996925401e-02       6.602554430646e+03 
       2.836962000210e-02       6.580019764265e+03 
       2.850951894787e-02       6.557454285091e+03 
       2.864967190065e-02       6.534777748582e+03 
       2.879008482697e-02       6.512048013921e+03 
       2.893076385560e-02       6.489242896449e+03 
       2.907171528281e-02       6.466402617668e+03 
       2.921294557785e-02       6.443500544498e+03 
       2.935446138864e-02       6.420522834602e+03 
       2.949626954767e-02       6.397487878507e+03 
       2.963837707819e-02       6.374477319097e+03 
       2.978079120060e-02       6.351349552141e+03 
       2.992351933917e-02       6.328181145983e+03 
       3.006656912898e-02       6.305023628020e+03 
       3.020994842323e-02       6.281761879700e+03 
       3.035366530077e-02       6.258569094269e+03 
       3.049772807402e-02       6.235201929145e+03 
       3.064214529726e-02       6.211857324520e+03 
       3.078692577518e-02       6.188515425599e+03 
       3.093207857194e-02       6.165092640539e+03 
       3.107761302053e-02       6.141669055588e+03 
       3.122353873261e-02       6.118223280201e+03 
       3.136986560880e-02       6.094756321207e+03 
       3.151660384939e-02       6.071244547359e+03 
       3.166376396561e-02       6.047714860012e+03 
       3.181135679144e-02       6.024184775366e+03 
       3.195939349585e-02       6.000649641384e+03 
       3.210788559583e-02       5.977123426642e+03 
       3.225684496986e-02       5.953525095508e+03 
       3.240628387215e-02       5.929957610988e+03 
       3.255621494753e-02       5.906358534151e+03 
       3.270665124711e-02       5.882721056942e+03 
       3.285760624471e-02       5.859150325824e+03 
       3.300909385411e-02       5.835487048806e+03 
       3.316112844720e-02       5.811908258045e+03 
       3.331372487311e-02       5.788273521511e+03 
       3.346689847823e-02       5.764676656495e+03 
       3.362066512741e-02       5.741107527255e+03 
       3.377504122621e-02       5.717404219838e+03 
       3.393004374438e-02       5.693745871507e+03 
       3.408569024063e-02       5.670144296224e+03 
       3.424199888873e-02       5.646524205892e+03 
       3.439898850513e-02       5.622899184969e+03 
       3.455667857802e-02       5.599311944456e+03 
       3.471508929821e-02       5.575704174070e+03 
       3.487424159162e-02       5.552108197149e+03 
       3.503415715379e-02       5.528494588738e+03 
       3.519485848636e-02       5.504938448319e+03 
       3.535636893573e-02       5.481380315460e+03 
       3.551871273408e-02       5.457799796480e+03 
       3.568191504288e-02       5.434262200614e+03 
       3.584600199906e-02       5.410714988350e+03 
       3.601100076413e-02       5.387200719273e+03 
       3.617693957635e-02       5.363677631598e+03 
       3.634384780627e-02       5.340159002719e+03 
       3.651175601588e-02       5.316679067415e+03 
       3.668069602164e-02       5.293179029078e+03 
       3.685070096170e-02       5.269722831957e+03 
       3.702180536767e-02       5.246224366608e+03 
       3.719404524126e-02       5.222789188607e+03 
       3.736745813630e-02       5.199334502386e+03 
       3.754208324643e-02       5.175921597441e+03 
       3.771796149908e-02       5.152469948621e+03 
       3.789513565621e-02       5.129075501670e+03 
       3.807365042244e-02       5.105668086333e+03 
       3.825355256118e-02       5.082266309910e+03 
       3.843489101949e-02       5.058893195659e+03 
       3.861771706254e-02       5.035522017804e+03 
       3.880208441835e-02       5.012144067713e+03 
       3.898804943410e-02       4.988767613692e+03 
       3.917567124477e-02       4.965424936920e+03 
       3.936501195547e-02       4.942046499391e+03 
       3.955613683890e-02       4.918748055742e+03 
       3.974911454918e-02       4.895329261316e+03 
       3.994401735392e-02       4.871998626656e+03 
       4.014092138636e-02       4.848621832883e+03 
       4.033990691960e-02       4.825282650762e+03 
       4.054105866538e-02       4.801913239064e+03 
       4.074446609989e-02       4.778546443428e+03 
       4.095022381980e-02       4.755148468741e+03 
       4.115843193170e-02       4.731762301593e+03 
       4.136919647881e-02       4.708340140321e+03 
       4.158262990931e-02       4.684956162707e+03 
       4.179885159110e-02       4.661504561548e+03 
       4.201798837870e-02       4.638023842793e+03 
       4.224017523842e-02       4.614533910448e+03 
       4.246555593942e-02       4.591003474102e+03 
       4.269428381857e-02       4.567451712872e+03 
       4.292652262915e-02       4.543876411352e+03 
       4.316244748399e-02       4.520311455038e+03 
       4.340224590615e-02       4.496586778547e+03 
       4.364611900169e-02       4.472896962464e+03 
       4.389428277182e-02       4.449116004124e+03 
       4.414696958426e-02       4.425284363272e+03 
       4.440442982738e-02       4.401375852801e+03 
       4.466693377423e-02       4.377413311613e+03 
       4.493477368880e-02       4.353356831417e+03 
       4.520826621245e-02       4.329256362562e+03 
       4.548775507532e-02       4.305033300053e+03 
       4.577361418623e-02       4.280757602640e+03 
       4.606625116460e-02       4.256288169997e+03 
       4.636611139052e-02       4.231781338946e+03 
       4.667368266455e-02       4.207071141550e+03 
       4.698950058737e-02       4.182227797276e+03 
       4.731415479316e-02       4.157252647344e+03 
       4.764829619893e-02       4.132126931500e+03 
       4.799264546844e-02       4.106782112024e+03 
       4.834800293409e-02       4.081248352127e+03 
       4.871526027662e-02       4.055495526703e+03 
       4.909541433377e-02       4.029518632652e+03 
       4.948958349902e-02       4.003242765164e+03 
       4.989902728566e-02       3.976699692696e+03 
       5.032516977715e-02       3.949846684036e+03 
       5.076962786963e-02       3.922603025415e+03 
       5.123424544896e-02       3.894957390769e+03 
       5.172113494492e-02       3.866883574864e+03 
       5.223272808602e-02       3.838338746098e+03 
       5.277183815569e-02       3.809210346604e+03 
       5.334173663889e-02       3.779436595755e+03 
       5.394624785160e-02       3.748929521581e+03 
       5.458986593913e-02       3.717588322803e+03 
       5.527789942454e-02       3.685243060887e+03 
       5.601664906010e-02       3.651745291309e+03 
       5.681362458099e-02       3.616875204871e+03 
       5.767780404048e-02       3.580325462586e+03 
       5.861993367874e-02       3.541765592689e+03 
       5.965285294339e-02       3.500703267069e+03 
       6.079180178681e-02       3.456427310946e+03 
       6.205461575068e-02       3.408185763969e+03 
       6.346162733412e-02       3.354707048224e+03 
       6.503496835799e-02       3.294607226182e+03 
       6.679684825877e-02       3.225968473642e+03 
       6.876640908583e-02       3.146620996040e+03 
       7.095520245841e-02       3.054357580592e+03 
       7.336240579351e-02       2.947489137651e+03 
       7.597213925508e-02       2.825547792408e+03 
       7.875518764152e-02       2.690087958663e+03 
       8.167505455210e-02       2.544552037905e+03 
       8.469535226039e-02       2.394257893750e+03 
       8.778512697860e-02       2.244991220145e+03 
       9.092088062809e-02       2.102337929721e+03 
       9.408613444859e-02       1.970886693565e+03 
       9.726993055338e-02       1.853729969222e+03 
       1.004652295321e-01       1.752523365079e+03 
       1.036676070689e-01       1.667384635159e+03 
       1.068743200492e-01       1.597270924505e+03 
       1.100836818576e-01       1.540224839111e+03 
       1.132946606796e-01       1.493575858289e+03 
       1.165066271432e-01       1.454356859377e+03 
       1.197191979682e-01       1.419540654945e+03 
       1.229321399022e-01       1.386271201299e+03 
       1.261453109939e-01       1.352068790551e+03 
       1.293586247997e-01       1.315210352954e+03 
       1.325720286074e-01       1.274633896553e+03 
       1.357854902017e-01       1.230104016893e+03 
       1.389989898256e-01       1.182082814756e+03 
       1.422125152993e-01       1.131618380244e+03 
       1.454260590563e-01       1.080087307092e+03 
       1.486396163431e-01       1.029064131648e+03 
       1.518531841265e-01       9.800186999362e+02 
       1.550667604285e-01       9.342339300560e+02 
       1.582803439218e-01       8.926643364442e+02 
       1.614939336840e-01       8.558678911828e+02 
       1.647075290472e-01       8.240315261540e+02 
       1.679211295055e-01       7.969635936183e+02 
       1.711347346591e-01       7.741684046356e+02 
       1.743483441789e-01       7.549282500763e+02 
       1.775619577849e-01       7.383696868910e+02 
       1.807755752325e-01       7.235605787452e+02 
       1.839891963035e-01       7.096623746005e+02 
       1.872028208005e-01       6.959002493247e+02 
       1.904164485431e-01       6.814864379839e+02 
       1.936300793650e-01       6.659407140173e+02 
       1.968437131120e-01       6.490667564108e+02 
       2.000573496409e-01       6.308583262386e+02 
       2.032709888178e-01       6.115614210345e+02 
       2.064846305177e-01       5.915789798150e+02 
       2.096982746235e-01       5.713992142071e+02 
       2.129119210252e-01       5.515159745713e+02 
       2.161255696196e-01       5.323789960208e+02 
       2.193392203096e-01       5.143367336330e+02 
       2.225528730036e-01       4.976667724998e+02 
       2.257665276154e-01       4.825031842667e+02 
       2.289801840637e-01       4.689179168588e+02 
       2.321938422718e-01       4.568619694225e+02 
       2.354075021671e-01       4.461967568784e+02 
       2.386211636809e-01       4.367321045249e+02 
       2.418348267483e-01       4.281949591409e+02 
       2.450484913078e-01       4.202679426986e+02 
       2.482621573011e-01       4.126867827235e+02 
       2.514758246728e-01       4.051758482046e+02 
       2.546894933705e-01       3.975353195385e+02 
       2.579031633442e-01       3.896310218561e+02 
       2.611168345465e-01       3.813942882662e+02 
       2.643305069325e-01       3.728185859695e+02 
       2.675441804591e-01       3.639617018201e+02 
       2.707578550856e-01       3.549101522451e+02 
       2.739715307729e-01       3.457941721846e+02 
       2.771852074840e-01       3.367447119756e+02 
       2.803988851835e-01       3.279289156228e+02 
       2.836125638376e-01       3.194762385175e+02 
       2.868262434140e-01       3.114977120540e+02 
       2.900399238819e-01       3.040583786173e+02 
       2.932536052118e-01       2.971830544120e+02 
       2.964672873756e-01       2.908489783455e+02 
       2.996809703462e-01       2.850130540156e+02 
       3.028946540979e-01       2.796059090745e+02 
       3.061083386060e-01       2.745412903425e+02 
       3.093220238467e-01       2.697383901854e+02 
       3.125357097972e-01       2.651146141107e+02 
       3.157493964360e-01       2.605830713044e+02 
       3.189630837419e-01       2.560817203069e+02 
       3.221767716951e-01       2.515521999214e+02 
       3.253904602761e-01       2.469636694023e+02 
       3.286041494665e-01       2.423083211178e+02 
       3.318178392485e-01       2.375919718802e+02 
       3.350315296049e-01       2.328464969138e+02 
       3.382452205195e-01       2.281152188494e+02 
       3.414589119762e-01       2.234417881851e+02 
       3.446726039599e-01       2.188651961086e+02 
       3.478862964559e-01       2.144201605896e+02 
       3.510999894500e-01       2.101389355608e+02 
       3.543136829287e-01       2.060415216793e+02 
       3.575273768788e-01       2.021420246633e+02 
       3.607410712877e-01       1.984455335510e+02 
       3.639547661432e-01       1.949472642452e+02 
       3.671684614334e-01       1.916269749122e+02 
       3.703821571471e-01       1.884530672745e+02 
       3.735958532732e-01       1.854051459016e+02 
       3.768095498012e-01       1.824492165290e+02 
       3.800232467207e-01       1.795578734679e+02 
       3.832369440220e-01       1.767061472588e+02 
       3.864506416955e-01       1.738835794898e+02 
       3.896643397318e-01       1.710772125841e+02 
       3.928780381221e-01       1.682841727175e+02 
       3.960917368578e-01       1.655063575463e+02 
       3.993054359304e-01       1.627461178729e+02 
       4.025191353318e-01       1.600104933219e+02 
       4.057328350542e-01       1.573054590717e+02 
       4.089465350901e-01       1.546465489245e+02 
       4.121602354319e-01       1.520429085040e+02 
       4.153739360727e-01       1.495115266137e+02 
       4.185876370055e-01       1.470568321749e+02 
       4.218013382236e-01       1.446801084075e+02 
       4.250150397205e-01       1.423823037329e+02 
       4.282287414899e-01       1.401592932355e+02 
       4.314424435257e-01       1.380089686433e+02 
       4.346561458220e-01       1.359265849415e+02 
       4.378698483729e-01       1.339054337519e+02 
       4.410835511730e-01       1.319427948680e+02 
       4.442972542168e-01       1.300273180894e+02 
       4.475109574990e-01       1.281547276258e+02 
       4.507246610145e-01       1.263129988952e+02 
       4.539383647583e-01       1.244984538114e+02 
       4.571520687256e-01       1.227041022420e+02 
       4.603657729118e-01       1.209319101710e+02 
       4.635794773122e-01       1.191791355613e+02 
       4.667931819224e-01       1.174486513588e+02 
       4.700068867380e-01       1.157424992818e+02 
       4.732205917550e-01       1.140626791631e+02 
       4.764342969691e-01       1.124104516648e+02 
       4.796480023764e-01       1.107883568764e+02 
       4.828617079731e-01       1.091985522809e+02 
       4.860754137554e-01       1.076450141557e+02 
       4.892891197196e-01       1.061301488398e+02 
       4.925028258621e-01       1.046552828120e+02 
       4.957165321795e-01       1.032196610619e+02 
       4.989302386683e-01       1.018226484757e+02 
       5.021439453253e-01       1.004579987469e+02 
       5.053576521473e-01       9.912262187500e+01 
       5.085713591311e-01       9.781566904533e+01 
       5.117850662736e-01       9.653309875475e+01 
       5.149987735718e-01       9.527313407165e+01 
       5.182124810230e-01       9.403623099002e+01 
       5.214261886242e-01       9.281623444216e+01 
       5.246398963726e-01       9.161454188740e+01 
       5.278536042656e-01       9.042965855565e+01 
       5.310673123005e-01       8.926028236432e+01 
       5.342810204748e-01       8.810640710384e+01 
       5.374947287860e-01       8.697010286882e+01 
       5.407084372316e-01       8.585281923966e+01 
       5.439221458091e-01       8.475626149135e+01 
       5.471358545164e-01       8.368007912437e+01 
       5.503495633511e-01       8.262403035195e+01 
       5.535632723110e-01       8.158902799291e+01 
       5.567769813938e-01       8.057246034673e+01 
       5.599906905976e-01       7.957571963163e+01 
       5.632043999201e-01       7.859801562285e+01 
       5.664181093595e-01       7.763962642414e+01 
       5.696318189136e-01       7.669997174995e+01 
       5.728455285806e-01       7.577827453153e+01 
       5.760592383586e-01       7.487223817301e+01 
       5.792729482457e-01       7.398212559705e+01 
       5.824866582401e-01       7.310539099495e+01 
       5.857003683400e-01       7.224172206428e+01 
       5.889140785437e-01       7.139127486921e+01 
       5.921277888496e-01       7.055432602996e+01 
       5.953414992559e-01       6.973048584582e+01 
       5.985552097610e-01       6.891894000288e+01 
       6.017689203633e-01       6.811972133909e+01 
       6.049826310614e-01       6.733206533678e+01 
       6.081963418536e-01       6.655576754046e+01 
       6.114100527384e-01       6.579131384774e+01 
       6.146237637145e-01       6.503868034943e+01 
       6.178374747804e-01       6.429865353305e+01 
       6.210511859347e-01       6.357159493682e+01 
       6.242648971760e-01       6.285690294965e+01 
       6.274786085030e-01       6.215446716038e+01 
       6.306923199143e-01       6.146345514271e+01 
       6.339060314088e-01       6.078326965668e+01 
       6.371197429850e-01       6.011354878545e+01 
       6.403334546419e-01       5.945454089707e+01 
       6.435471663781e-01       5.880609047304e+01 
       6.467608781925e-01       5.816786875502e+01 
       6.499745900840e-01       5.753995552435e+01 
       6.531883020513e-01       5.692138598318e+01 
       6.564020140934e-01       5.631110938019e+01 
       6.596157262092e-01       5.570911861656e+01 
       6.628294383976e-01       5.511591870761e+01 
       6.660431506576e-01       5.453069417253e+01 
       6.692568629880e-01       5.395406570999e+01 
       6.724705753880e-01       5.338630652231e+01 
       6.756842878565e-01       5.282719614403e+01 
       6.788980003925e-01       5.227565170199e+01 
       6.821117129951e-01       5.173236252088e+01 
       6.853254256633e-01       5.119650449824e+01 
       6.885391383962e-01       5.066819913251e+01 
       6.917528511930e-01       5.014732490798e+01 
       6.949665640527e-01       4.963498622147e+01 
       6.981802769744e-01       4.913030384232e+01 
       7.013939899573e-01       4.863312479164e+01 
       7.046077030006e-01       4.814339670174e+01 
       7.078214161034e-01       4.765993918646e+01 
       7.110351292650e-01       4.718331824118e+01 
       7.142488424845e-01       4.671276897607e+01 
       7.174625557611e-01       4.624892556484e+01 
       7.206762690942e-01       4.579129103645e+01 
       7.238899824828e-01       4.534084177526e+01 
       7.271036959264e-01       4.489637773167e+01 
       7.303174094241e-01       4.445783709107e+01 
       7.335311229753e-01       4.402496676711e+01 
       7.367448365792e-01       4.359755728550e+01 
       7.399585502352e-01       4.317577697732e+01 
       7.431722639426e-01       4.275963098594e+01 
       7.463859777007e-01       4.234863442472e+01 
       7.495996915088e-01       4.194396156432e+01 
       7.528134053664e-01       4.154483340163e+01 
       7.560271192728e-01       4.115145250112e+01 
       7.592408332274e-01       4.076269848488e+01 
       7.624545472295e-01       4.037906273067e+01 
       7.656682612786e-01       4.000015017937e+01 
       7.688819753741e-01       3.962609203780e+01 
       7.720956895153e-01       3.925760252875e+01 
       7.753094037018e-01       3.889338296013e+01 
       7.785231179330e-01       3.853444676555e+01 
       7.817368322082e-01       3.818021561023e+01 
       7.849505465270e-01       3.783021200625e+01 
       7.881642608889e-01       3.748470097707e+01 
       7.913779752932e-01       3.714304585815e+01 
       7.945916897396e-01       3.680585370475e+01 
       7.978054042274e-01       3.647315012104e+01 
       8.010191187562e-01       3.614476683108e+01 
       8.042328333255e-01       3.582060335921e+01 
       8.074465479348e-01       3.550034737553e+01 
       8.106602625836e-01       3.518409234697e+01 
       8.138739772715e-01       3.487139583741e+01 
       8.170876919980e-01       3.456237765336e+01 
       8.203014067626e-01       3.425724590927e+01 
       8.235151215650e-01       3.395606992582e+01 
       8.267288364045e-01       3.365890987539e+01 
       8.299425512809e-01       3.336530995120e+01 
       8.331562661937e-01       3.307552785357e+01 
       8.363699811425e-01       3.278868613647e+01 
       8.395836961268e-01       3.250533541052e+01 
       8.427974111463e-01       3.222535586179e+01 
       8.460111262005e-01       3.194853127884e+01 
       8.492248412891e-01       3.167531611263e+01 
       8.524385564116e-01       3.140630900415e+01 
       8.556522715678e-01       3.113973696952e+01 
       8.588659867571e-01       3.087626424999e+01 
       8.620797019793e-01       3.061576577390e+01 
       8.652934172339e-01       3.035814503087e+01 
       8.685071325206e-01       3.010337754504e+01 
       8.717208478391e-01       2.985186812347e+01 
       8.749345631890e-01       2.960378750147e+01 
       8.781482785700e-01       2.935791148383e+01 
       8.813619939816e-01       2.911531033935e+01 
       8.845757094237e-01       2.887540659937e+01 
       8.877894248957e-01       2.863805050773e+01 
       8.910031403976e-01       2.840336159858e+01 
       8.942168559288e-01       2.817127866927e+01 
       8.974305714890e-01       2.794170678783e+01 
       9.006442870781e-01       2.771492014866e+01 
       9.038580026956e-01       2.749095103172e+01 
       9.070717183413e-01       2.726953053509e+01 
       9.102854340149e-01       2.705075376143e+01 
       9.134991497160e-01       2.683389664161e+01 
       1.066871381595e+00       1.878081924647e+01 
       1.311583043500e+00       1.159102135910e+01 
       1.648181756065e+00       6.731928446851e+00 
