# Matter power spectrum P(k) at redshift z=0
# for k=0.000782016 to 65.9862 h/Mpc,
# number of wavenumbers equal to 534
#    1:k (h/Mpc)              2:P (Mpc/h)^3        
       7.820161544495e-04       1.273690837922e-04 
       6.177406594038e-03       1.006034403754e-03 
       1.871950862698e-02       3.045943845322e-03 
       3.155339270649e-02       5.125205271878e-03 
       4.441130000892e-02       7.195868815724e-03 
       5.727590440523e-02       9.252099469517e-03 
       7.014341560430e-02       1.129124721590e-02 
       8.301254490212e-02       1.331147135745e-02 
       9.588273906934e-02       1.531140545623e-02 
       1.087537238329e-01       1.728991975172e-02 
       1.216253495894e-01       1.924613441401e-02 
       1.344975292831e-01       2.117934478021e-02 
       1.473702100737e-01       2.308872395410e-02 
       1.602433591476e-01       2.497402294536e-02 
       1.731169560713e-01       2.683489690721e-02 
       1.859909884220e-01       2.867105035968e-02 
       1.988654491670e-01       3.048228366919e-02 
       2.117403350268e-01       3.226842893773e-02 
       2.246156454175e-01       3.402941512539e-02 
       2.374913817468e-01       3.576516467693e-02 
       2.503675469337e-01       3.747569570385e-02 
       2.632441450732e-01       3.916101826894e-02 
       2.761211811979e-01       4.082120662573e-02 
       2.889986611062e-01       4.245634596454e-02 
       3.018765912352e-01       4.406656833173e-02 
       3.147549785674e-01       4.565198872873e-02 
       3.276338305600e-01       4.721277931178e-02 
       3.405131550923e-01       4.874911286355e-02 
       3.533929604243e-01       5.026130840238e-02 
       3.662732551666e-01       5.174934736772e-02 
       3.791540482566e-01       5.321337430298e-02 
       3.920353489399e-01       5.465368717221e-02 
       4.049171667575e-01       5.607055532963e-02 
       4.177995115348e-01       5.746412300628e-02 
       4.306823933744e-01       5.883465716895e-02 
       4.435658226506e-01       6.018235183784e-02 
       4.564498100057e-01       6.150745936265e-02 
       4.693343663482e-01       6.281018993087e-02 
       4.822195028512e-01       6.409078900667e-02 
       4.951052309527e-01       6.534949739520e-02 
       5.079915623564e-01       6.658651412246e-02 
       5.208785090334e-01       6.780210268070e-02 
       5.337660832236e-01       6.899649598185e-02 
       5.466542974392e-01       7.016991790406e-02 
       5.595431644671e-01       7.132261728505e-02 
       5.724326973728e-01       7.245480198144e-02 
       5.853229095040e-01       7.356674164434e-02 
       5.982138144949e-01       7.465865617850e-02 
       6.111054262704e-01       7.573074251479e-02 
       6.239977590514e-01       7.678323051234e-02 
       6.368908273590e-01       7.781636761017e-02 
       6.497846460203e-01       7.883033146592e-02 
       6.626792301735e-01       7.982539682568e-02 
       6.755745952739e-01       8.080174715691e-02 
       6.884707570994e-01       8.175957685547e-02 
       7.013677317567e-01       8.269917079274e-02 
       7.142655356877e-01       8.362068953248e-02 
       7.271641856755e-01       8.452429075447e-02 
       7.400636988516e-01       8.541025278503e-02 
       7.529640927022e-01       8.627881983031e-02 
       7.658653850757e-01       8.713007378615e-02 
       7.787675941892e-01       8.796430812552e-02 
       7.916707386366e-01       8.878169039063e-02 
       8.045748373956e-01       8.958239666376e-02 
       8.174799098358e-01       9.036660990767e-02 
       8.303859757262e-01       9.113458232874e-02 
       8.432930552439e-01       9.188646936315e-02 
       8.562011689817e-01       9.262245255087e-02 
       8.691103379572e-01       9.334268145883e-02 
       8.820205836211e-01       9.404736160484e-02 
       8.949319278664e-01       9.473666225996e-02 
       9.078443930370e-01       9.541073170356e-02 
       9.207580019375e-01       9.606987372687e-02 
       9.336727778427e-01       9.671412718292e-02 
       9.465887445067e-01       9.734368738790e-02 
       9.595059261735e-01       9.795877252104e-02 
       9.724243475870e-01       9.855949763521e-02 
       9.853440340012e-01       9.914607712159e-02 
       9.982650111907e-01       9.971855898316e-02 
       1.011187305462e+00       1.002772425234e-01 
       1.024110943665e+00       1.008221807662e-01 
       1.037035953202e+00       1.013536477780e-01 
       1.049962362042e+00       1.018717263546e-01 
       1.062890198732e+00       1.023765096067e-01 
       1.075819492409e+00       1.028682595823e-01 
       1.088750272809e+00       1.033470093495e-01 
       1.101682570286e+00       1.038130094311e-01 
       1.114616415820e+00       1.042663620751e-01 
       1.127551841031e+00       1.047072172109e-01 
       1.140488878196e+00       1.051357094354e-01 
       1.153427560258e+00       1.055519760229e-01 
       1.166367920841e+00       1.059561826011e-01 
       1.179309994269e+00       1.063484901532e-01 
       1.192253815575e+00       1.067289367876e-01 
       1.205199420518e+00       1.070977254031e-01 
       1.218146845600e+00       1.074550216779e-01 
       1.231096128081e+00       1.078008816773e-01 
       1.244047305993e+00       1.081355305944e-01 
       1.257000418159e+00       1.084590513098e-01 
       1.269955504211e+00       1.087715491155e-01 
       1.282912604601e+00       1.090731521022e-01 
       1.295871760626e+00       1.093640358073e-01 
       1.308833014442e+00       1.096442552129e-01 
       1.321796409083e+00       1.099139704009e-01 
       1.334761988479e+00       1.101733486999e-01 
       1.347729797479e+00       1.104224541335e-01 
       1.360699881866e+00       1.106614216762e-01 
       1.373672288378e+00       1.108903502654e-01 
       1.386647064732e+00       1.111093609628e-01 
       1.399624259642e+00       1.113186577718e-01 
       1.412603922840e+00       1.115183031125e-01 
       1.425586105101e+00       1.117083468571e-01 
       1.438570858264e+00       1.118890296436e-01 
       1.451558235252e+00       1.120603722526e-01 
       1.464548290102e+00       1.122225643467e-01 
       1.477541077984e+00       1.123756602462e-01 
       1.490536655227e+00       1.125197610109e-01 
       1.503535079347e+00       1.126549966966e-01 
       1.516536409067e+00       1.127815281390e-01 
       1.529540704349e+00       1.128993809948e-01 
       1.542548026420e+00       1.130086495540e-01 
       1.555558437796e+00       1.131095172435e-01 
       1.568572002316e+00       1.132020052084e-01 
       1.581588785166e+00       1.132863091808e-01 
       1.594608852914e+00       1.133625403484e-01 
       1.607632273533e+00       1.134307058819e-01 
       1.620659116441e+00       1.134910206934e-01 
       1.633689452526e+00       1.135434136718e-01 
       1.646723354182e+00       1.135882092244e-01 
       1.659760895342e+00       1.136253410135e-01 
       1.672802151510e+00       1.136549309493e-01 
       1.685847199802e+00       1.136772418947e-01 
       1.698896118973e+00       1.136922521167e-01 
       1.711948989464e+00       1.136998582974e-01 
       1.725005893431e+00       1.137006156979e-01 
       1.738066914789e+00       1.136941745781e-01 
       1.751132139248e+00       1.136809044825e-01 
       1.764201654358e+00       1.136607969149e-01 
       1.777275549547e+00       1.136338364546e-01 
       1.790353916164e+00       1.136004005864e-01 
       1.803436847523e+00       1.135603247413e-01 
       1.816524438950e+00       1.135139653621e-01 
       1.829616787826e+00       1.134610356721e-01 
       1.842713993634e+00       1.134019229326e-01 
       1.855816158011e+00       1.133367044268e-01 
       1.868923384791e+00       1.132652884721e-01 
       1.882035780062e+00       1.131880307400e-01 
       1.895153452216e+00       1.131047074908e-01 
       1.908276512000e+00       1.130157582729e-01 
       1.921405072574e+00       1.129208525756e-01 
       1.934539249564e+00       1.128204011449e-01 
       1.947679161124e+00       1.127144354049e-01 
       1.960824927989e+00       1.126028607442e-01 
       1.973976673543e+00       1.124859846518e-01 
       1.987134523873e+00       1.123638614762e-01 
       2.000298607840e+00       1.122365654468e-01 
       2.013469057141e+00       1.121039373645e-01 
       2.026646006377e+00       1.119663332428e-01 
       2.039829593122e+00       1.118238895843e-01 
       2.053019957994e+00       1.116762965893e-01 
       2.066217244729e+00       1.115241893415e-01 
       2.079421600254e+00       1.113670778503e-01 
       2.092633174765e+00       1.112054924132e-01 
       2.105852121804e+00       1.110392264214e-01 
       2.119078598346e+00       1.108687055570e-01 
       2.132312764874e+00       1.106934824932e-01 
       2.145554785471e+00       1.105138876169e-01 
       2.158804827907e+00       1.103301647565e-01 
       2.172063063728e+00       1.101421163408e-01 
       2.185329668348e+00       1.099502392611e-01 
       2.198604821151e+00       1.097541870788e-01 
       2.211888705580e+00       1.095538492978e-01 
       2.225181509247e+00       1.093500561003e-01 
       2.238483424033e+00       1.091422690813e-01 
       2.251794646194e+00       1.089308590395e-01 
       2.265115376477e+00       1.087156596405e-01 
       2.278445820224e+00       1.084965321493e-01 
       2.291786187501e+00       1.082743693210e-01 
       2.305136693208e+00       1.080483730550e-01 
       2.318497557207e+00       1.078191404636e-01 
       2.331869004451e+00       1.075866832941e-01 
       2.345251265113e+00       1.073507143947e-01 
       2.358644574724e+00       1.071119414301e-01 
       2.372049174307e+00       1.068697176943e-01 
       2.385465310529e+00       1.066245689537e-01 
       2.398893235842e+00       1.063764374363e-01 
       2.412333208639e+00       1.061252341549e-01 
       2.425785493412e+00       1.058711955720e-01 
       2.439250360913e+00       1.056143265081e-01 
       2.452728088322e+00       1.053545578692e-01 
       2.466218959419e+00       1.050923466681e-01 
       2.479723264765e+00       1.048275456561e-01 
       2.493241301883e+00       1.045598110858e-01 
       2.506773375450e+00       1.042897195583e-01 
       2.520319797492e+00       1.040175541157e-01 
       2.533880887587e+00       1.037423362017e-01 
       2.547456973075e+00       1.034653044606e-01 
       2.561048389272e+00       1.031859177785e-01 
       2.574655479697e+00       1.029045014255e-01 
       2.588278596300e+00       1.026205666911e-01 
       2.601918099700e+00       1.023345735028e-01 
       2.615574359434e+00       1.020463340339e-01 
       2.629247754212e+00       1.017567324839e-01 
       2.642938672179e+00       1.014648206730e-01 
       2.656647511191e+00       1.011708596090e-01 
       2.670374679096e+00       1.008753803025e-01 
       2.684120594026e+00       1.005777926715e-01 
       2.697885684702e+00       1.002786482718e-01 
       2.711670390745e+00       9.997792639627e-02 
       2.725475163005e+00       9.967523692661e-02 
       2.739300463896e+00       9.937107016694e-02 
       2.753146767745e+00       9.906570552459e-02 
       2.767014561152e+00       9.875837751188e-02 
       2.780904343371e+00       9.844992074424e-02 
       2.794816626694e+00       9.813977363076e-02 
       2.808751936860e+00       9.782848037597e-02 
       2.822710813468e+00       9.751581086774e-02 
       2.836693810421e+00       9.720197112715e-02 
       2.850701496371e+00       9.688636105339e-02 
       2.864734455191e+00       9.657038696624e-02 
       2.878793286466e+00       9.625293738411e-02 
       2.892878605997e+00       9.593414569924e-02 
       2.906991046329e+00       9.561464752185e-02 
       2.921131257303e+00       9.529383510391e-02 
       2.935299906622e+00       9.497241037266e-02 
       2.949497680449e+00       9.464965395154e-02 
       2.963725284023e+00       9.432630915234e-02 
       2.977983442307e+00       9.400184348098e-02 
       2.992272900654e+00       9.367643287779e-02 
       3.006594425510e+00       9.335062704671e-02 
       3.020948805141e+00       9.302403496760e-02 
       3.035336850396e+00       9.269621591469e-02 
       3.049759395497e+00       9.236823827974e-02 
       3.064217298870e+00       9.203942582725e-02 
       3.078711444005e+00       9.170957618725e-02 
       3.093242740362e+00       9.137985406765e-02 
       3.107812124314e+00       9.104922839998e-02 
       3.122420560131e+00       9.071797926625e-02 
       3.137069041010e+00       9.038642117842e-02 
       3.151758590156e+00       9.005436351000e-02 
       3.166490261908e+00       8.972155520836e-02 
       3.181265142919e+00       8.938869265327e-02 
       3.196084353394e+00       8.905506190735e-02 
       3.210949048389e+00       8.872169148574e-02 
       3.225860419165e+00       8.838746890601e-02 
       3.240819694614e+00       8.805299314480e-02 
       3.255828142757e+00       8.771832531149e-02 
       3.270887072309e+00       8.738309982956e-02 
       3.285997834331e+00       8.704795454610e-02 
       3.301161823958e+00       8.671248127215e-02 
       3.316380482222e+00       8.637684269967e-02 
       3.331655297966e+00       8.604115041013e-02 
       3.346987809857e+00       8.570498132817e-02 
       3.362379608509e+00       8.536896617237e-02 
       3.377832338718e+00       8.503244374335e-02 
       3.393347701815e+00       8.469625968715e-02 
       3.408927458149e+00       8.435981303964e-02 
       3.424573429710e+00       8.402312925650e-02 
       3.440287502892e+00       8.368652228374e-02 
       3.456071631420e+00       8.334971316163e-02 
       3.471927839433e+00       8.301305995871e-02 
       3.487858224756e+00       8.267651084671e-02 
       3.503864962356e+00       8.233968011484e-02 
       3.519950308000e+00       8.200296457071e-02 
       3.536116602140e+00       8.166616014776e-02 
       3.552366274024e+00       8.132965574027e-02 
       3.568701846061e+00       8.099279108223e-02 
       3.585125938457e+00       8.065630854109e-02 
       3.601641274140e+00       8.031956982714e-02 
       3.618250683997e+00       7.998329148869e-02 
       3.634957112448e+00       7.964643113659e-02 
       3.651763623378e+00       7.930997061815e-02 
       3.668673406468e+00       7.897389320221e-02 
       3.685689783935e+00       7.863755633309e-02 
       3.702816217738e+00       7.830135609203e-02 
       3.720056317273e+00       7.796524803494e-02 
       3.737413847599e+00       7.762906494579e-02 
       3.754892738243e+00       7.729284419838e-02 
       3.772497092636e+00       7.695695215814e-02 
       3.790231198222e+00       7.662132446258e-02 
       3.808099537315e+00       7.628515514189e-02 
       3.826106798756e+00       7.594952682726e-02 
       3.844257890454e+00       7.561371911012e-02 
       3.862557952877e+00       7.527776737441e-02 
       3.881012373597e+00       7.494197475358e-02 
       3.899626802977e+00       7.460619527562e-02 
       3.918407171107e+00       7.427059305969e-02 
       3.937359706123e+00       7.393502408127e-02 
       3.956490954028e+00       7.359929060616e-02 
       3.975807800177e+00       7.326351077611e-02 
       3.995317492585e+00       7.292752301509e-02 
       4.015027667254e+00       7.259158978505e-02 
       4.034946375728e+00       7.225574192779e-02 
       4.055082115102e+00       7.191933401463e-02 
       4.075443860767e+00       7.158291592936e-02 
       4.096041102182e+00       7.124657071816e-02 
       4.116883882008e+00       7.090976465479e-02 
       4.137982838995e+00       7.057288434312e-02 
       4.159349255052e+00       7.023557807703e-02 
       4.180995106991e+00       6.989774314643e-02 
       4.202933123514e+00       6.955993464910e-02 
       4.225176848069e+00       6.922152118850e-02 
       4.247740708329e+00       6.888303277341e-02 
       4.270640093110e+00       6.854369528890e-02 
       4.293891437715e+00       6.820394695268e-02 
       4.317512318804e+00       6.786351642240e-02 
       4.341521560073e+00       6.752231202505e-02 
       4.365939350242e+00       6.718047765032e-02 
       4.390787375075e+00       6.683813787931e-02 
       4.416088965441e+00       6.649465333410e-02 
       4.441869263782e+00       6.615026177811e-02 
       4.468155411742e+00       6.580491055786e-02 
       4.494976762203e+00       6.545825704823e-02 
       4.522365119552e+00       6.511050751916e-02 
       4.550355012729e+00       6.476154324541e-02 
       4.578984006424e+00       6.441080476707e-02 
       4.608293056857e+00       6.405873443421e-02 
       4.638326919831e+00       6.370493977501e-02 
       4.669134620285e+00       6.334934803644e-02 
       4.700769994516e+00       6.299181257569e-02 
       4.733292318538e+00       6.263202348190e-02 
       4.766767039041e+00       6.226967415373e-02 
       4.801266626974e+00       6.190504958871e-02 
       4.836871578408e+00       6.153739237677e-02 
       4.873671592976e+00       6.116652857806e-02 
       4.911766967463e+00       6.079247412406e-02 
       4.951270251189e+00       6.041448893251e-02 
       4.992308221437e+00       6.003228626890e-02 
       5.035024251895e+00       5.964595812202e-02 
       5.079581165857e+00       5.925437650829e-02 
       5.126164689873e+00       5.885717008396e-02 
       5.174987653975e+00       5.845376068749e-02 
       5.226295123174e+00       5.804324521927e-02 
       5.280370693249e+00       5.762464218201e-02 
       5.337544243329e+00       5.719720861407e-02 
       5.398201508755e+00       5.675939108146e-02 
       5.462795917470e+00       5.630946949188e-02 
       5.531863212372e+00       5.584537551268e-02 
       5.606039437194e+00       5.536498464993e-02 
       5.686082842144e+00       5.486468571703e-02 
       5.772900060025e+00       5.434001485671e-02 
       5.867576302107e+00       5.378598541424e-02 
       5.971407933982e+00       5.319495998835e-02 
       6.085932941306e+00       5.255754218054e-02 
       6.212949470211e+00       5.186015563953e-02 
       6.354503708426e+00       5.108538823218e-02 
       6.512815839133e+00       5.021022470704e-02 
       6.690101097262e+00       4.920561719635e-02 
       6.888246965980e+00       4.803773359818e-02 
       7.108355092935e+00       4.667158050653e-02 
       7.350266821174e+00       4.508079451072e-02 
       7.612313300056e+00       4.325759895319e-02 
       7.891514002339e+00       4.122464983010e-02 
       8.184199269951e+00       3.903669754073e-02 
       8.486746413796e+00       3.677286990873e-02 
       8.796095823270e+00       3.452300006293e-02 
       9.109936774291e+00       3.237281525077e-02 
       9.426654581709e+00       3.039213959629e-02 
       9.745178127686e+00       2.862909034084e-02 
       1.006482044712e+01       2.710790921883e-02 
       1.038515027056e+01       2.583147409677e-02 
       1.070590043644e+01       2.478328648043e-02 
       1.102690679994e+01       2.393269983329e-02 
       1.134806901721e+01       2.323939790761e-02 
       1.166932593535e+01       2.265720956998e-02 
       1.199064035547e+01       2.213895556361e-02 
       1.231198967556e+01       2.164073355193e-02 
       1.263336017213e+01       2.112499949354e-02 
       1.295474351607e+01       2.056471628233e-02 
       1.327613465351e+01       1.994425436899e-02 
       1.359753051842e+01       1.926031364356e-02 
       1.391892925087e+01       1.852075423029e-02 
       1.424032972266e+01       1.774209722199e-02 
       1.456173124945e+01       1.694659717958e-02 
       1.488313341616e+01       1.615860727661e-02 
       1.520453597104e+01       1.540142079256e-02 
       1.552593876137e+01       1.469533223230e-02 
       1.584734169453e+01       1.405501365750e-02 
       1.616874471434e+01       1.348922729180e-02 
       1.649014778673e+01       1.300048970478e-02 
       1.681155089102e+01       1.258594873009e-02 
       1.713295401467e+01       1.223752057824e-02 
       1.745435715009e+01       1.194421732124e-02 
       1.777576029266e+01       1.169138719261e-02 
       1.809716343958e+01       1.146528746046e-02 
       1.841856658914e+01       1.125269879603e-02 
       1.873996974033e+01       1.104091730954e-02 
       1.906137289251e+01       1.081790287401e-02 
       1.938277604531e+01       1.057640420612e-02 
       1.970417919849e+01       1.031305532741e-02 
       2.002558235191e+01       1.002838055058e-02 
       2.034698550549e+01       9.726229047762e-03 
       2.066838865917e+01       9.413261545764e-03 
       2.098979181292e+01       9.096997589417e-03 
       2.131119496673e+01       8.785622796081e-03 
       2.163259812057e+01       8.485999680775e-03 
       2.195400127445e+01       8.203830546611e-03 
       2.227540442835e+01       7.943267774458e-03 
       2.259680758228e+01       7.706475940439e-03 
       2.291821073623e+01       7.494633117741e-03 
       2.323961389019e+01       7.306810416690e-03 
       2.356101704418e+01       7.140944442164e-03 
       2.388242019818e+01       6.993723332397e-03 
       2.420382335219e+01       6.860845012784e-03 
       2.452522650622e+01       6.737507265344e-03 
       2.484662966027e+01       6.619069013677e-03 
       2.516803281433e+01       6.501531344087e-03 
       2.548943596840e+01       6.381591448729e-03 
       2.581083912249e+01       6.257133071555e-03 
       2.613224227659e+01       6.127241605445e-03 
       2.645364543069e+01       5.991852895076e-03 
       2.677504858482e+01       5.851745734097e-03 
       2.709645173895e+01       5.708508636020e-03 
       2.741785489309e+01       5.564154750669e-03 
       2.773925804724e+01       5.421081325551e-03 
       2.806066120141e+01       5.281653790967e-03 
       2.838206435558e+01       5.148058718294e-03 
       2.870346750976e+01       5.022010022739e-03 
       2.902487066395e+01       4.904560512574e-03 
       2.934627381815e+01       4.796048124489e-03 
       2.966767697236e+01       4.696211728978e-03 
       2.998908012657e+01       4.604110159392e-03 
       3.031048328080e+01       4.518775525062e-03 
       3.063188643503e+01       4.438870543055e-03 
       3.095328958926e+01       4.363017077347e-03 
       3.127469274351e+01       4.289827073143e-03 
       3.159609589776e+01       4.218105937222e-03 
       3.191749905202e+01       4.146711734199e-03 
       3.223890220629e+01       4.074762024773e-03 
       3.256030536056e+01       4.001787222788e-03 
       3.288170851483e+01       3.927593043030e-03 
       3.320311166912e+01       3.852456632703e-03 
       3.352451482341e+01       3.776870359020e-03 
       3.384591797770e+01       3.701462838227e-03 
       3.416732113200e+01       3.626943273059e-03 
       3.448872428631e+01       3.553965165336e-03 
       3.481012744062e+01       3.483155384505e-03 
       3.513153059493e+01       3.414869770887e-03 
       3.545293374925e+01       3.349623272875e-03 
       3.577433690358e+01       3.287465399970e-03 
       3.609574005791e+01       3.228579115804e-03 
       3.641714321224e+01       3.172817116830e-03 
       3.673854636658e+01       3.119886601808e-03 
       3.705994952092e+01       3.069358912067e-03 
       3.738135267527e+01       3.020749963987e-03 
       3.770275582962e+01       2.973548530515e-03 
       3.802415898397e+01       2.927300614434e-03 
       3.834556213833e+01       2.881691093918e-03 
       3.866696529269e+01       2.836501523215e-03 
       3.898836844706e+01       2.791567001147e-03 
       3.930977160143e+01       2.746855693487e-03 
       3.963117475580e+01       2.702320572914e-03 
       3.995257791018e+01       2.658034739721e-03 
       4.027398106456e+01       2.614113435306e-03 
       4.059538421894e+01       2.570704645866e-03 
       4.091678737333e+01       2.528029107110e-03 
       4.123819052772e+01       2.486290341194e-03 
       4.155959368211e+01       2.445664725368e-03 
       4.188099683650e+01       2.406249679560e-03 
       4.220239999090e+01       2.368096634698e-03 
       4.252380314530e+01       2.331209638255e-03 
       4.284520629970e+01       2.295507342082e-03 
       4.316660945411e+01       2.260959139243e-03 
       4.348801260852e+01       2.227492419733e-03 
       4.380941576293e+01       2.195011330536e-03 
       4.413081891734e+01       2.163448924611e-03 
       4.445222207176e+01       2.132646256747e-03 
       4.477362522618e+01       2.102503472992e-03 
       4.509502838060e+01       2.072848234265e-03 
       4.541643153502e+01       2.043609799110e-03 
       4.573783468944e+01       2.014694680522e-03 
       4.605923784387e+01       1.986101230834e-03 
       4.638064099830e+01       1.957834360784e-03 
       4.670204415273e+01       1.929930000538e-03 
       4.702344730716e+01       1.902394209198e-03 
       4.734485046160e+01       1.875271473801e-03 
       4.766625361604e+01       1.848593750251e-03 
       4.798765677048e+01       1.822390923241e-03 
       4.830905992492e+01       1.796724787425e-03 
       4.863046307936e+01       1.771620354723e-03 
       4.895186623381e+01       1.747148962724e-03 
       4.927326938825e+01       1.723322314814e-03 
       4.959467254270e+01       1.700124337860e-03 
       4.991607569715e+01       1.677529928648e-03 
       5.023747885160e+01       1.655460621974e-03 
       5.055888200606e+01       1.633879420299e-03 
       5.088028516051e+01       1.612726156215e-03 
       5.120168831497e+01       1.591963668623e-03 
       5.152309146943e+01       1.571564625593e-03 
       5.184449462389e+01       1.551504202901e-03 
       5.216589777835e+01       1.531757530489e-03 
       5.248730093281e+01       1.512279698560e-03 
       5.280870408728e+01       1.493063553917e-03 
       5.313010724174e+01       1.474096877096e-03 
       5.345151039621e+01       1.455387372333e-03 
       5.377291355068e+01       1.436940523597e-03 
       5.409431670515e+01       1.418814078608e-03 
       5.441571985962e+01       1.401010106238e-03 
       5.473712301409e+01       1.383544868994e-03 
       5.505852616856e+01       1.366398006136e-03 
       5.537992932304e+01       1.349582561367e-03 
       5.570133247751e+01       1.333079767915e-03 
       5.602273563199e+01       1.316876074748e-03 
       5.634413878647e+01       1.300990695756e-03 
       5.666554194095e+01       1.285405011655e-03 
       5.698694509543e+01       1.270129414048e-03 
       5.730834824991e+01       1.255138484905e-03 
       5.762975140440e+01       1.240405962611e-03 
       5.795115455888e+01       1.225919783665e-03 
       5.827255771337e+01       1.211646945758e-03 
       5.859396086785e+01       1.197586989340e-03 
       5.891536402234e+01       1.183735932167e-03 
       5.923676717683e+01       1.170098236000e-03 
       5.955817033132e+01       1.156673046969e-03 
       5.987957348581e+01       1.143451536940e-03 
       6.020097664030e+01       1.130426460337e-03 
       6.052237979479e+01       1.117589689425e-03 
       6.084378294928e+01       1.104934283774e-03 
       6.116518610378e+01       1.092459710973e-03 
       6.148658925827e+01       1.080180933931e-03 
       6.180799241277e+01       1.068108576048e-03 
       6.212939556727e+01       1.056245231842e-03 
       6.245079872176e+01       1.044582383872e-03 
       6.277220187626e+01       1.033121148748e-03 
       6.309360503076e+01       1.021828010873e-03 
       6.341500818526e+01       1.010717566449e-03 
       6.373641133976e+01       9.997780641062e-04 
       6.405781449426e+01       9.890059788188e-04 
       6.437921764877e+01       9.784085632561e-04 
       6.470062080327e+01       9.679781769479e-04 
       6.502202395777e+01       9.577128514253e-04 
       6.534342711228e+01       9.475907567695e-04 
       6.566483026678e+01       9.376164653680e-04 
       6.598623342129e+01       9.277655120358e-04 
