# Matter power spectrum P(k) at redshift z=0
# for k=1.06542e-05 to 1.1282 h/Mpc,
# number of wavenumbers equal to 606
#    1:k (h/Mpc)              2:P (Mpc/h)^3        
       1.065424852894e-05       4.945079765897e+01 
       2.356877559436e-05       1.064100909624e+02 
       3.652943087230e-05       1.623802741560e+02 
       4.957126996381e-05       2.179087445263e+02 
       6.272993549953e-05       2.733002400663e+02 
       7.604197660806e-05       3.287796420821e+02 
       8.954517870662e-05       3.845348845538e+02 
       1.032789080193e-04       4.407395550593e+02 
       1.172844752619e-04       4.975608028474e+02 
       1.316055229652e-04       5.551647525549e+02 
       1.462884409144e-04       6.137228958228e+02 
       1.613828141178e-04       6.734141521153e+02 
       1.769419075277e-04       7.344287262328e+02 
       1.930231913528e-04       7.969712525456e+02 
       2.096889101113e-04       8.612646530234e+02 
       2.270066974524e-04       9.275526619692e+02 
       2.450502370415e-04       9.961044983416e+02 
       2.638999672297e-04       1.067218381486e+03 
       2.836438235388e-04       1.141226252846e+03 
       3.043780078385e-04       1.218498050813e+03 
       3.262077660839e-04       1.299446310115e+03 
       3.492481472134e-04       1.384530772002e+03 
       3.736247038815e-04       1.474262376520e+03 
       3.994740808841e-04       1.569206756085e+03 
       4.269444194668e-04       1.669985546040e+03 
       4.561954857806e-04       1.777277314882e+03 
       4.873984110329e-04       1.891814003640e+03 
       5.207349120907e-04       2.014374487062e+03 
       5.563958487744e-04       2.145773468265e+03 
       5.945789739906e-04       2.286846285196e+03 
       6.354857528538e-04       2.438425583650e+03 
       6.793171751543e-04       2.601315376132e+03 
       7.262685682651e-04       2.776259005424e+03 
       7.765235360584e-04       2.963903990025e+03 
       8.302472957958e-04       3.164767236626e+03 
       8.875798394810e-04       3.379202239690e+03 
       9.486294772322e-04       3.607373002193e+03 
       1.013467389890e-03       3.849236107436e+03 
       1.082123792967e-03       4.104535160777e+03 
       1.154586178979e-03       4.372806933211e+03 
       1.230799873716e-03       4.653399539905e+03 
       1.310670856958e-03       4.945501129567e+03 
       1.394070520690e-03       5.248174063593e+03 
       1.480841827406e-03       5.560393756760e+03 
       1.570806226037e-03       5.881086640847e+03 
       1.663770690764e-03       6.209159151867e+03 
       1.759534347147e-03       6.543499599726e+03 
       1.857894302521e-03       6.883099355770e+03 
       1.958650463482e-03       7.226968153864e+03 
       2.061609271336e-03       7.574179786131e+03 
       2.166586398980e-03       7.923878199331e+03 
       2.273408525201e-03       8.275281848320e+03 
       2.381914338707e-03       8.627680802537e+03 
       2.491954933072e-03       8.980437166584e+03 
       2.603393744321e-03       9.332978806761e+03 
       2.716106163478e-03       9.684796864858e+03 
       2.829978932968e-03       1.003544047347e+04 
       2.944909412413e-03       1.038451019981e+04 
       3.060804778275e-03       1.073165583354e+04 
       3.177581203972e-03       1.107656888649e+04 
       3.295163052787e-03       1.141898010407e+04 
       3.413482104795e-03       1.175865452512e+04 
       3.532476830741e-03       1.209538871715e+04 
       3.652091719784e-03       1.242900441197e+04 
       3.772276663804e-03       1.275934911396e+04 
       3.892986398078e-03       1.308629129341e+04 
       4.014179996297e-03       1.340971902734e+04 
       4.135820416753e-03       1.372953497240e+04 
       4.257874095926e-03       1.404565785731e+04 
       4.380310585432e-03       1.435801966494e+04 
       4.503102228289e-03       1.466656509473e+04 
       4.626223870581e-03       1.497124710423e+04 
       4.749652604832e-03       1.527202676429e+04 
       4.873367541675e-03       1.556887214663e+04 
       4.997349606686e-03       1.586176586951e+04 
       5.121581359574e-03       1.615069010901e+04 
       5.246046833181e-03       1.643564949511e+04 
       5.370731390027e-03       1.671661863367e+04 
       5.495621594398e-03       1.699361895052e+04 
       5.620705098173e-03       1.726678892956e+04 
       5.745970538833e-03       1.753569710116e+04 
       5.871407448238e-03       1.780074492800e+04 
       5.997006170956e-03       1.806183498161e+04 
       6.122757791045e-03       1.831903021612e+04 
       6.248654066361e-03       1.857231598136e+04 
       6.374687369507e-03       1.882170424886e+04 
       6.500850634731e-03       1.906717469968e+04 
       6.627137310075e-03       1.930883716324e+04 
       6.753541314230e-03       1.954667900649e+04 
       6.880056997570e-03       1.978072534226e+04 
       7.006679106929e-03       2.001100688533e+04 
       7.133402753706e-03       2.023755173244e+04 
       7.260223384967e-03       2.046037270511e+04 
       7.387136757221e-03       2.067952335524e+04 
       7.514138912589e-03       2.089500521815e+04 
       7.641226157141e-03       2.110694493029e+04 
       7.768395041157e-03       2.131521496443e+04 
       7.895642341144e-03       2.151987122148e+04 
       8.022965043419e-03       2.172103473597e+04 
       8.150360329109e-03       2.191872019814e+04 
       8.277825560437e-03       2.211294848527e+04 
       8.405358268167e-03       2.230368833082e+04 
       8.532956140092e-03       2.249105641580e+04 
       8.660617010481e-03       2.267503015898e+04 
       8.788338850385e-03       2.285567495794e+04 
       8.916119758733e-03       2.303300185609e+04 
       9.043957954131e-03       2.320710851501e+04 
       9.171851767323e-03       2.337790135516e+04 
       9.299799634238e-03       2.354546239988e+04 
       9.427800089579e-03       2.370991991650e+04 
       9.555851760905e-03       2.387119444539e+04 
       9.683953363167e-03       2.402928924282e+04 
       9.812103693656e-03       2.418435345165e+04 
       9.940301627333e-03       2.433630398673e+04 
       1.006854611250e-02       2.448535351186e+04 
       1.019683616680e-02       2.463130113863e+04 
       1.032517087349e-02       2.477429562247e+04 
       1.045354937803e-02       2.491434880406e+04 
       1.058197088487e-02       2.505152146143e+04 
       1.071043465448e-02       2.518580238479e+04 
       1.083894000060e-02       2.531720687515e+04 
       1.096748628772e-02       2.544586169812e+04 
       1.109607292865e-02       2.557168492274e+04 
       1.122469938235e-02       2.569474998810e+04 
       1.135336515186e-02       2.581504606720e+04 
       1.148206978241e-02       2.593272265956e+04 
       1.161081285962e-02       2.604765475498e+04 
       1.173959400787e-02       2.615993978400e+04 
       1.186841288874e-02       2.626962090766e+04 
       1.199726919962e-02       2.637670328438e+04 
       1.212616267233e-02       2.648122945306e+04 
       1.225509307194e-02       2.658323817062e+04 
       1.238406019557e-02       2.668271702657e+04 
       1.251306387135e-02       2.677972643691e+04 
       1.264210395746e-02       2.687424872075e+04 
       1.277118034113e-02       2.696636541105e+04 
       1.290029293787e-02       2.705609571743e+04 
       1.302944169062e-02       2.714342439726e+04 
       1.315862656908e-02       2.722841164276e+04 
       1.328784756897e-02       2.731104619661e+04 
       1.341710471145e-02       2.739141717679e+04 
       1.354639804253e-02       2.746948643517e+04 
       1.367572763255e-02       2.754530210225e+04 
       1.380509357570e-02       2.761888877268e+04 
       1.393449598956e-02       2.769026133340e+04 
       1.406393501473e-02       2.775947312314e+04 
       1.419341081442e-02       2.782651025159e+04 
       1.432292357418e-02       2.789145620417e+04 
       1.445247350154e-02       2.795427995972e+04 
       1.458206082579e-02       2.801501797214e+04 
       1.471168579774e-02       2.807370129946e+04 
       1.484134868952e-02       2.813030188242e+04 
       1.497104979437e-02       2.818495319585e+04 
       1.510078942656e-02       2.823762019814e+04 
       1.523056792118e-02       2.828825088040e+04 
       1.536038563414e-02       2.833700477010e+04 
       1.549024294200e-02       2.838373477556e+04 
       1.562014024199e-02       2.842870994779e+04 
       1.575007795196e-02       2.847167786364e+04 
       1.588005651036e-02       2.851289974819e+04 
       1.601007637627e-02       2.855219555177e+04 
       1.614013802944e-02       2.858971082949e+04 
       1.627024197031e-02       2.862541829206e+04 
       1.640038872014e-02       2.865937164178e+04 
       1.653057882105e-02       2.869158039413e+04 
       1.666081283616e-02       2.872205058115e+04 
       1.679109134972e-02       2.875076778338e+04 
       1.692141496725e-02       2.877788586955e+04 
       1.705178431569e-02       2.880317570610e+04 
       1.718220004362e-02       2.882696664098e+04 
       1.731266282144e-02       2.884915280710e+04 
       1.744317334156e-02       2.886963855599e+04 
       1.757373231869e-02       2.888863374077e+04 
       1.770434049004e-02       2.890605454906e+04 
       1.783499861561e-02       2.892184358554e+04 
       1.796570747848e-02       2.893610949993e+04 
       1.809646788509e-02       2.894895827598e+04 
       1.822728066557e-02       2.896025918267e+04 
       1.835814667408e-02       2.897009037532e+04 
       1.848906678914e-02       2.897838680745e+04 
       1.862004191402e-02       2.898538789722e+04 
       1.875107297710e-02       2.899084234845e+04 
       1.888216093229e-02       2.899502281164e+04 
       1.901330675945e-02       2.899777050813e+04 
       1.914451146482e-02       2.899910778805e+04 
       1.927577608145e-02       2.899920315699e+04 
       1.940710166972e-02       2.899792383765e+04 
       1.953848931777e-02       2.899534106442e+04 
       1.966994014208e-02       2.899142340893e+04 
       1.980145528792e-02       2.898630131423e+04 
       1.993303592996e-02       2.897985459195e+04 
       2.006468327278e-02       2.897224951310e+04 
       2.019639855149e-02       2.896340354043e+04 
       2.032818303234e-02       2.895330474556e+04 
       2.046003801331e-02       2.894202914883e+04 
       2.059196482478e-02       2.892967659744e+04 
       2.072396483020e-02       2.891610668062e+04 
       2.085603942676e-02       2.890134064213e+04 
       2.098819004614e-02       2.888555396109e+04 
       2.112041815520e-02       2.886864057644e+04 
       2.125272525674e-02       2.885064749215e+04 
       2.138511289035e-02       2.883155987943e+04 
       2.151758263313e-02       2.881131182355e+04 
       2.165013610056e-02       2.879021748667e+04 
       2.178277494740e-02       2.876800036814e+04 
       2.191550086850e-02       2.874468640761e+04 
       2.204831559978e-02       2.872051863881e+04 
       2.218122091912e-02       2.869530509959e+04 
       2.231421864739e-02       2.866917150767e+04 
       2.244731064940e-02       2.864202637530e+04 
       2.258049883497e-02       2.861403102871e+04 
       2.271378515998e-02       2.858502679332e+04 
       2.284717162748e-02       2.855516478717e+04 
       2.298066028880e-02       2.852443333612e+04 
       2.311425324477e-02       2.849281584779e+04 
       2.324795264687e-02       2.846027803027e+04 
       2.338176069852e-02       2.842687556192e+04 
       2.351567965633e-02       2.839271120010e+04 
       2.364971183147e-02       2.835770201213e+04 
       2.378385959096e-02       2.832184500457e+04 
       2.391812535917e-02       2.828530722299e+04 
       2.405251161922e-02       2.824787137727e+04 
       2.418702091447e-02       2.820981751713e+04 
       2.432165585012e-02       2.817075809691e+04 
       2.445641909478e-02       2.813113357619e+04 
       2.459131338211e-02       2.809075700189e+04 
       2.472634151255e-02       2.804968931866e+04 
       2.486150635507e-02       2.800787865640e+04 
       2.499681084898e-02       2.796535453490e+04 
       2.513225800582e-02       2.792216548048e+04 
       2.526785091130e-02       2.787832907129e+04 
       2.540359272728e-02       2.783377479018e+04 
       2.553948669389e-02       2.778863183144e+04 
       2.567553613163e-02       2.774281760713e+04 
       2.581174444359e-02       2.769652682809e+04 
       2.594811511777e-02       2.764946524264e+04 
       2.608465172940e-02       2.760185284108e+04 
       2.622135794343e-02       2.755370474956e+04 
       2.635823751704e-02       2.750491502698e+04 
       2.649529430226e-02       2.745557286275e+04 
       2.663253224871e-02       2.740572903449e+04 
       2.676995540637e-02       2.735531559286e+04 
       2.690756792853e-02       2.730435906447e+04 
       2.704537407477e-02       2.725286589996e+04 
       2.718337821410e-02       2.720084042708e+04 
       2.732158482819e-02       2.714835236624e+04 
       2.745999851472e-02       2.709532958794e+04 
       2.759862399084e-02       2.704192163844e+04 
       2.773746609682e-02       2.698795083899e+04 
       2.787652979972e-02       2.693357571078e+04 
       2.801582019734e-02       2.687869186543e+04 
       2.815534252218e-02       2.682335950110e+04 
       2.829510214566e-02       2.676769228739e+04 
       2.843510458244e-02       2.671151893490e+04 
       2.857535549492e-02       2.665492364295e+04 
       2.871586069794e-02       2.659788800708e+04 
       2.885662616362e-02       2.654055373894e+04 
       2.899765802643e-02       2.648280314146e+04 
       2.913896258844e-02       2.642458104109e+04 
       2.928054632480e-02       2.636607054049e+04 
       2.942241588941e-02       2.630718992617e+04 
       2.956457812086e-02       2.624790226678e+04 
       2.970704004858e-02       2.618826030536e+04 
       2.984980889926e-02       2.612833911671e+04 
       2.999289210356e-02       2.606801397545e+04 
       3.013629730305e-02       2.600743270397e+04 
       3.028003235749e-02       2.594644544761e+04 
       3.042410535243e-02       2.588525041224e+04 
       3.056852460708e-02       2.582365730425e+04 
       3.071329868257e-02       2.576179356508e+04 
       3.085843639059e-02       2.569959551370e+04 
       3.100394680236e-02       2.563717916243e+04 
       3.114983925802e-02       2.557442404667e+04 
       3.129612337650e-02       2.551144170403e+04 
       3.144280906575e-02       2.544812246064e+04 
       3.158990653348e-02       2.538461266709e+04 
       3.173742629845e-02       2.532078588038e+04 
       3.188537920220e-02       2.525678576402e+04 
       3.203377642140e-02       2.519243019484e+04 
       3.218262948075e-02       2.512783157679e+04 
       3.233195026653e-02       2.506305288084e+04 
       3.248175104082e-02       2.499803532355e+04 
       3.263204445637e-02       2.493282510180e+04 
       3.278284357224e-02       2.486729350690e+04 
       3.293416187024e-02       2.480161864805e+04 
       3.308601327218e-02       2.473565976884e+04 
       3.323841215800e-02       2.466957524250e+04 
       3.339137338487e-02       2.460325472998e+04 
       3.354491230723e-02       2.453669532007e+04 
       3.369904479794e-02       2.446993334066e+04 
       3.385378727056e-02       2.440302512789e+04 
       3.400915670277e-02       2.433584636953e+04 
       3.416517066114e-02       2.426853341595e+04 
       3.432184732722e-02       2.420099712797e+04 
       3.447920552509e-02       2.413332231451e+04 
       3.463726475047e-02       2.406538460481e+04 
       3.479604520150e-02       2.399728708162e+04 
       3.495556781126e-02       2.392896443831e+04 
       3.511585428217e-02       2.386055209353e+04 
       3.527692712252e-02       2.379191835224e+04 
       3.543880968502e-02       2.372312280031e+04 
       3.560152620781e-02       2.365417817893e+04 
       3.576510185789e-02       2.358492822670e+04 
       3.592956277730e-02       2.351561212756e+04 
       3.609493613207e-02       2.344613721137e+04 
       3.626125016442e-02       2.337637118668e+04 
       3.642853424820e-02       2.330648196389e+04 
       3.659681894791e-02       2.323639456381e+04 
       3.676613608169e-02       2.316623693356e+04 
       3.693651878845e-02       2.309582108071e+04 
       3.710800159945e-02       2.302519795843e+04 
       3.728062051494e-02       2.295447722471e+04 
       3.745441308592e-02       2.288342116966e+04 
       3.762941850174e-02       2.281229977676e+04 
       3.780567768392e-02       2.274096029931e+04 
       3.798323338671e-02       2.266941943626e+04 
       3.816213030498e-02       2.259765292076e+04 
       3.834241519013e-02       2.252571154852e+04 
       3.852413697474e-02       2.245354703635e+04 
       3.870734690669e-02       2.238117389472e+04 
       3.889209869365e-02       2.230855903525e+04 
       3.907844865900e-02       2.223578376334e+04 
       3.926645591009e-02       2.216269853286e+04 
       3.945618252015e-02       2.208937271149e+04 
       3.964769372528e-02       2.201587742811e+04 
       3.984105813769e-02       2.194207692211e+04 
       4.003634797724e-02       2.186808408446e+04 
       4.023363932286e-02       2.179373625652e+04 
       4.043301238603e-02       2.171908101496e+04 
       4.063455180870e-02       2.164421387850e+04 
       4.083834698816e-02       2.156902384142e+04 
       4.104449243198e-02       2.149352321325e+04 
       4.125308814625e-02       2.141768637689e+04 
       4.146424006087e-02       2.134150677309e+04 
       4.167806049638e-02       2.126500449726e+04 
       4.189466867690e-02       2.118802123301e+04 
       4.211419129504e-02       2.111070681890e+04 
       4.233676313480e-02       2.103304331090e+04 
       4.256252775998e-02       2.095487695023e+04 
       4.279163827614e-02       2.087627396112e+04 
       4.302425817578e-02       2.079718835371e+04 
       4.326056227765e-02       2.071761465840e+04 
       4.350073777292e-02       2.063754183547e+04 
       4.374498539271e-02       2.055686632070e+04 
       4.399352071430e-02       2.047560474098e+04 
       4.424657562555e-02       2.039377714304e+04 
       4.450439997091e-02       2.031125230606e+04 
       4.476726340613e-02       2.022809121443e+04 
       4.503545749355e-02       2.014419182171e+04 
       4.530929807564e-02       2.005949962484e+04 
       4.558912797140e-02       1.997395890046e+04 
       4.587532004842e-02       1.988757740458e+04 
       4.616828073384e-02       1.980023913258e+04 
       4.646845403945e-02       1.971188987638e+04 
       4.677632619185e-02       1.962248592008e+04 
       4.709243097665e-02       1.953191718164e+04 
       4.741735592929e-02       1.944020597697e+04 
       4.775174953324e-02       1.934710719240e+04 
       4.809632962200e-02       1.925258010821e+04 
       4.845189322590e-02       1.915657485742e+04 
       4.881932816026e-02       1.905889487553e+04 
       4.919962672202e-02       1.895938609515e+04 
       4.959390195069e-02       1.885796334543e+04 
       5.000340702244e-02       1.875442662833e+04 
       5.042955848958e-02       1.864856366167e+04 
       5.087396426077e-02       1.854012795759e+04 
       5.133845745024e-02       1.842885333587e+04 
       5.182513752129e-02       1.831449945158e+04 
       5.233642052531e-02       1.819663853193e+04 
       5.287510070943e-02       1.807494932089e+04 
       5.344442634863e-02       1.794886353408e+04 
       5.404819335614e-02       1.781788116584e+04 
       5.469086101752e-02       1.768132824570e+04 
       5.537769499608e-02       1.753839637225e+04 
       5.611494335547e-02       1.738807812480e+04 
       5.691005126091e-02       1.722917084415e+04 
       5.777191825536e-02       1.706018912418e+04 
       5.871119659693e-02       1.687928807937e+04 
       5.974061642070e-02       1.668419666244e+04 
       6.087529708602e-02       1.647193765554e+04 
       6.213295420783e-02       1.623891524725e+04 
       6.353382713386e-02       1.598063629380e+04 
       6.510002934636e-02       1.569163779236e+04 
       6.685390110127e-02       1.536565997866e+04 
       6.881495327368e-02       1.499618934826e+04 
       7.099540119588e-02       1.457757115495e+04 
       7.339532485376e-02       1.410700185637e+04 
       7.599976374151e-02       1.358638319256e+04 
       7.878012982757e-02       1.302416201636e+04 
       8.170006813135e-02       1.243448125303e+04 
       8.472289566283e-02       1.183541397503e+04 
       8.781713742937e-02       1.124591324393e+04 
       9.095875327330e-02       1.068289578608e+04 
       9.413081377682e-02       1.015952849696e+04 
       9.732203037799e-02       9.684368798801e+03 
       1.005251384570e-01       9.261104463549e+03 
       1.037355671081e-01       8.889035951107e+03 
       1.069504803988e-01       8.563928037048e+03 
       1.101681339229e-01       8.278769325288e+03 
       1.133874602498e-01       8.024951481027e+03 
       1.166078081937e-01       7.793259123989e+03 
       1.198287811636e-01       7.574642660497e+03 
       1.230501378035e-01       7.361219582567e+03 
       1.262717312346e-01       7.146806288170e+03 
       1.294934720199e-01       6.927374885146e+03 
       1.327153056291e-01       6.701196084787e+03 
       1.359371987426e-01       6.468729678040e+03 
       1.391591309331e-01       6.232289500884e+03 
       1.423810896132e-01       5.995406617140e+03 
       1.456030669686e-01       5.762323887970e+03 
       1.488250580954e-01       5.537290185439e+03 
       1.520470598683e-01       5.324057308368e+03 
       1.552690702532e-01       5.125652322167e+03 
       1.584910878887e-01       4.943817987915e+03 
       1.617131118313e-01       4.779269207576e+03 
       1.649351413998e-01       4.631488456347e+03 
       1.681571760803e-01       4.499077634391e+03 
       1.713792154678e-01       4.379807908894e+03 
       1.746012592299e-01       4.271024690752e+03 
       1.778233070846e-01       4.169736656904e+03 
       1.810453587856e-01       4.073181707076e+03 
       1.842674141138e-01       3.978874654784e+03 
       1.874894728712e-01       3.884739501508e+03 
       1.907115348768e-01       3.789786784719e+03 
       1.939335999637e-01       3.693052332187e+03 
       1.971556679775e-01       3.594409481855e+03 
       2.003777387747e-01       3.494336081255e+03 
       2.035998122213e-01       3.393834775616e+03 
       2.068218881919e-01       3.294174496679e+03 
       2.100439665693e-01       3.196763471323e+03 
       2.132660472434e-01       3.102961579996e+03 
       2.164881301108e-01       3.013881306776e+03 
       2.197102150742e-01       2.930207375821e+03 
       2.229323020421e-01       2.852206504231e+03 
       2.261543909281e-01       2.779891662127e+03 
       2.293764816508e-01       2.712850692318e+03 
       2.325985741334e-01       2.650523154124e+03 
       2.358206683033e-01       2.592184716856e+03 
       2.390427640916e-01       2.537103723972e+03 
       2.422648614336e-01       2.484539060842e+03 
       2.454869602675e-01       2.433707101896e+03 
       2.487090605350e-01       2.383960062937e+03 
       2.519311621808e-01       2.334715921586e+03 
       2.551532651523e-01       2.285585966951e+03 
       2.583753693996e-01       2.236371922292e+03 
       2.615974748752e-01       2.187075468025e+03 
       2.648195815342e-01       2.137891857141e+03 
       2.680416893335e-01       2.089128100917e+03 
       2.712637982322e-01       2.041134171835e+03 
       2.744859081915e-01       1.994272923113e+03 
       2.777080191742e-01       1.948840866319e+03 
       2.809301311449e-01       1.905094110838e+03 
       2.841522440697e-01       1.863227611021e+03 
       2.873743579165e-01       1.823316297727e+03 
       2.905964726543e-01       1.785425204554e+03 
       2.938185882538e-01       1.749471838460e+03 
       2.970407046866e-01       1.715322648742e+03 
       3.002628219259e-01       1.682752883036e+03 
       3.034849399458e-01       1.651479051361e+03 
       3.067070587216e-01       1.621228518369e+03 
       3.099291782296e-01       1.591737729748e+03 
       3.131512984470e-01       1.562792629837e+03 
       3.163734193522e-01       1.534260494922e+03 
       3.195955409241e-01       1.506069232654e+03 
       3.228176631427e-01       1.478189500630e+03 
       3.260397859888e-01       1.450628915334e+03 
       3.292619094438e-01       1.423422320434e+03 
       3.324840334900e-01       1.396615424324e+03 
       3.357061581102e-01       1.370276124728e+03 
       3.389282832881e-01       1.344503915274e+03 
       3.421504090077e-01       1.319387791631e+03 
       3.453725352538e-01       1.295012379657e+03 
       3.485946620118e-01       1.271440409090e+03 
       3.518167892675e-01       1.248694679154e+03 
       3.550389170074e-01       1.226760033092e+03 
       3.582610452183e-01       1.205592018205e+03 
       3.614831738875e-01       1.185127339756e+03 
       3.647053030029e-01       1.165298836639e+03 
       3.679274325527e-01       1.146035591955e+03 
       3.711495625255e-01       1.127275983115e+03 
       3.743716929103e-01       1.108960239449e+03 
       3.775938236966e-01       1.091038296821e+03 
       3.808159548741e-01       1.073440383327e+03 
       3.840380864330e-01       1.056130501068e+03 
       3.872602183636e-01       1.039075224380e+03 
       3.904823506568e-01       1.022274527202e+03 
       3.937044833036e-01       1.005734243217e+03 
       3.969266162953e-01       9.894776757710e+02 
       4.001487496236e-01       9.735480439021e+02 
       4.033708832804e-01       9.579686636171e+02 
       4.065930172579e-01       9.427530356007e+02 
       4.098151515484e-01       9.279101314947e+02 
       4.130372861446e-01       9.134322176119e+02 
       4.162594210394e-01       8.993115042050e+02 
       4.194815562258e-01       8.855471943087e+02 
       4.227036916972e-01       8.721246078294e+02 
       4.259258274471e-01       8.590426346907e+02 
       4.291479634692e-01       8.462792392198e+02 
       4.323700997574e-01       8.338178633624e+02 
       4.355922363057e-01       8.216242875165e+02 
       4.388143731084e-01       8.096794593447e+02 
       4.420365101600e-01       7.979573751606e+02 
       4.452586474549e-01       7.864490588678e+02 
       4.484807849879e-01       7.751487944588e+02 
       4.517029227540e-01       7.640578689637e+02 
       4.549250607481e-01       7.531752207907e+02 
       4.581471989655e-01       7.424950221347e+02 
       4.613693374013e-01       7.320126569260e+02 
       4.645914760512e-01       7.217195566460e+02 
       4.678136149105e-01       7.116115130826e+02 
       4.710357539751e-01       7.016851734356e+02 
       4.742578932407e-01       6.919507889758e+02 
       4.774800327032e-01       6.824096154818e+02 
       4.807021723586e-01       6.730649208136e+02 
       4.839243122032e-01       6.639186091313e+02 
       4.871464522331e-01       6.549605336324e+02 
       4.903685924447e-01       6.461864655566e+02 
       4.935907328343e-01       6.375834800365e+02 
       4.968128733986e-01       6.291475098220e+02 
       5.000350141341e-01       6.208722774587e+02 
       5.032571550375e-01       6.127557493737e+02 
       5.064792961056e-01       6.047960702273e+02 
       5.097014373353e-01       5.969831918463e+02 
       5.129235787236e-01       5.893121149173e+02 
       5.161457202674e-01       5.817719155460e+02 
       5.193678619638e-01       5.743522136477e+02 
       5.225900038101e-01       5.670500372949e+02 
       5.258121458034e-01       5.598653033796e+02 
       5.290342879411e-01       5.528013070767e+02 
       5.322564302205e-01       5.458604570751e+02 
       5.354785726390e-01       5.390439749719e+02 
       5.387007151942e-01       5.323509311472e+02 
       5.419228578836e-01       5.257750349308e+02 
       5.451450007049e-01       5.193139951574e+02 
       5.483671436556e-01       5.129635600364e+02 
       5.515892867335e-01       5.067238633578e+02 
       5.548114299365e-01       5.005946713181e+02 
       5.580335732622e-01       4.945754373846e+02 
       5.612557167087e-01       4.886638528248e+02 
       5.644778602738e-01       4.828555760274e+02 
       5.677000039555e-01       4.771461586460e+02 
       5.709221477518e-01       4.715273955058e+02 
       5.741442916608e-01       4.659961170113e+02 
       5.773664356806e-01       4.605505324418e+02 
       5.805885798094e-01       4.551902675599e+02 
       5.838107240453e-01       4.499180571428e+02 
       5.870328683865e-01       4.447334413991e+02 
       5.902550128314e-01       4.396337748417e+02 
       5.934771573783e-01       4.346153609609e+02 
       5.966993020254e-01       4.296752386482e+02 
       5.999214467712e-01       4.248092239100e+02 
       6.031435916141e-01       4.200169944898e+02 
       6.063657365525e-01       4.152998718312e+02 
       6.095878815849e-01       4.106583344303e+02 
       6.128100267099e-01       4.060925146192e+02 
       6.160321719259e-01       4.016014069137e+02 
       6.192543172316e-01       3.971799525611e+02 
       6.224764626255e-01       3.928276553538e+02 
       6.256986081063e-01       3.885400006544e+02 
       6.289207536726e-01       3.843160722381e+02 
       6.321428993232e-01       3.801554160750e+02 
       6.353650450567e-01       3.760583167491e+02 
       6.385871908720e-01       3.720256161177e+02 
       6.418093367676e-01       3.680573234592e+02 
       6.450314827426e-01       3.641487322237e+02 
       6.482536287955e-01       3.602958326507e+02 
       6.514757749254e-01       3.564975768643e+02 
       6.546979211311e-01       3.527519825112e+02 
       6.579200674114e-01       3.490605333096e+02 
       6.611422137652e-01       3.454221527930e+02 
       6.643643601915e-01       3.418387712866e+02 
       6.675865066893e-01       3.383100430341e+02 
       6.708086532574e-01       3.348325979023e+02 
       6.740307998950e-01       3.314058000071e+02 
       6.772529466009e-01       3.280256007085e+02 
       6.804750933742e-01       3.246929200481e+02 
       6.836972402140e-01       3.214052739712e+02 
       6.869193871194e-01       3.181650159207e+02 
       6.901415340893e-01       3.149711842108e+02 
       6.933636811229e-01       3.118260250458e+02 
       6.965858282194e-01       3.087249306199e+02 
       6.998079753778e-01       3.056668239598e+02 
       7.030301225973e-01       3.026509681867e+02 
       7.062522698770e-01       2.996738868657e+02 
       7.094744172162e-01       2.967355781437e+02 
       7.126965646140e-01       2.938378565804e+02 
       7.159187120697e-01       2.909815551230e+02 
       7.191408595824e-01       2.881673156573e+02 
       7.223630071513e-01       2.853887929901e+02 
       7.255851547758e-01       2.826500370235e+02 
       7.288073024552e-01       2.799455743438e+02 
       7.320294501885e-01       2.772764832955e+02 
       7.352515979753e-01       2.746403076901e+02 
       7.384737458147e-01       2.720403954992e+02 
       7.416958937060e-01       2.694763696283e+02 
       7.449180416487e-01       2.669439420338e+02 
       7.481401896420e-01       2.644495931852e+02 
       7.513623376853e-01       2.619861569852e+02 
       7.545844857779e-01       2.595552857215e+02 
       7.578066339192e-01       2.571548592969e+02 
       7.610287821086e-01       2.547833832897e+02 
       7.642509303455e-01       2.524439877546e+02 
       7.674730786293e-01       2.501307731328e+02 
       8.419526101518e-01       2.040645347247e+02 
       9.517129649479e-01       1.553501048729e+02 
       1.128201031496e+00       1.057368067541e+02 
