# Matter power spectrum P(k) at redshift z=0
# for k=1.02929e-05 to 1.08205 h/Mpc,
# number of wavenumbers equal to 605
#    1:k (h/Mpc)              2:P (Mpc/h)^3        
       1.029291330376e-05       5.106967073488e+01 
       2.291222714471e-05       1.106112034000e+02 
       3.557427994718e-05       1.692177657400e+02 
       4.831176744371e-05       2.275198608145e+02 
       6.115790578980e-05       2.858902408829e+02 
       7.414671587723e-05       3.446162728238e+02 
       8.731331640385e-05       4.039481485108e+02 
       1.006942294521e-04       4.641188144804e+02 
       1.143277023589e-04       5.253539694566e+02 
       1.282540496898e-04       5.878780905364e+02 
       1.425160191440e-04       6.519183771161e+02 
       1.571591851773e-04       7.177075862889e+02 
       1.722323740022e-04       7.854863378044e+02 
       1.877881233454e-04       8.555049149030e+02 
       2.038831798441e-04       9.280245956301e+02 
       2.205790361373e-04       1.003318948595e+03 
       2.379425084277e-04       1.081674303557e+03 
       2.560463533858e-04       1.163390555641e+03 
       2.749699205267e-04       1.248781042261e+03 
       2.947998323553e-04       1.338172069638e+03 
       3.156306793452e-04       1.431902022975e+03 
       3.375657098645e-04       1.530319678070e+03 
       3.607174861586e-04       1.633782037024e+03 
       3.852084661884e-04       1.742651298002e+03 
       4.111714574164e-04       1.857291214696e+03 
       4.387498727597e-04       1.978062841728e+03 
       4.680977016925e-04       2.105319779100e+03 
       4.993790924879e-04       2.239403201526e+03 
       5.327674276033e-04       2.380636742209e+03 
       5.684437673551e-04       2.529322162579e+03 
       6.065945428158e-04       2.685735181465e+03 
       6.474084037426e-04       2.850122224611e+03 
       6.910721775833e-04       3.022698114273e+03 
       7.377659751631e-04       3.203643975960e+03 
       7.876575864804e-04       3.393104493803e+03 
       8.408964370155e-04       3.591184450324e+03 
       8.976075022550e-04       3.797942945659e+03 
       9.578856783500e-04       4.013385086156e+03 
       1.021791149351e-03       4.237451348425e+03 
       1.089346251804e-03       4.470006179497e+03 
       1.160534207650e-03       4.710827067013e+03 
       1.235299891845e-03       4.959559055889e+03 
       1.313552559649e-03       5.215816357040e+03 
       1.395170230219e-03       5.479098675367e+03 
       1.480005254382e-03       5.748816988650e+03 
       1.567890513963e-03       6.024315921245e+03 
       1.658645711548e-03       6.304892282376e+03 
       1.752083294831e-03       6.589815087430e+03 
       1.848013687914e-03       6.878344702401e+03 
       1.946249640908e-03       7.169749849582e+03 
       2.046609633858e-03       7.463322570350e+03 
       2.148920367080e-03       7.758388489399e+03 
       2.253018433011e-03       8.054315433417e+03 
       2.358751297804e-03       8.350517447302e+03 
       2.465977730514e-03       8.646456221336e+03 
       2.574567811570e-03       8.941645192868e+03 
       2.684402636912e-03       9.235642344556e+03 
       2.795373814906e-03       9.528055085863e+03 
       2.907382833439e-03       9.818530926497e+03 
       3.020340356379e-03       1.010675955314e+04 
       3.134165493005e-03       1.039246732667e+04 
       3.248785071234e-03       1.067541352282e+04 
       3.364132935445e-03       1.095538732538e+04 
       3.480149282068e-03       1.123220587171e+04 
       3.596780040483e-03       1.150570973812e+04 
       3.713976302730e-03       1.177576766133e+04 
       3.831693802742e-03       1.204225799897e+04 
       3.949892443956e-03       1.230508492841e+04 
       4.068535872939e-03       1.256416389903e+04 
       4.187591096037e-03       1.281942937245e+04 
       4.307028135660e-03       1.307082479721e+04 
       4.426819722738e-03       1.331830547014e+04 
       4.546941021948e-03       1.356183933659e+04 
       4.667369386420e-03       1.380139789385e+04 
       4.788084138896e-03       1.403696982931e+04 
       4.909066376501e-03       1.426854158325e+04 
       5.030298796575e-03       1.449610768608e+04 
       5.151765541232e-03       1.471967362276e+04 
       5.273452058566e-03       1.493924038116e+04 
       5.395344978641e-03       1.515482755589e+04 
       5.517432002598e-03       1.536642516826e+04 
       5.639701803404e-03       1.557407685338e+04 
       5.762143936941e-03       1.577778508012e+04 
       5.884748762272e-03       1.597758232554e+04 
       6.007507370053e-03       1.617347173459e+04 
       6.130411518203e-03       1.636550265162e+04 
       6.253453574019e-03       1.655369734190e+04 
       6.376626462022e-03       1.673808940274e+04 
       6.499923616938e-03       1.691870920316e+04 
       6.623338941228e-03       1.709558351057e+04 
       6.746866766699e-03       1.726873741679e+04 
       6.870501819763e-03       1.743820782130e+04 
       6.994239189949e-03       1.760404242748e+04 
       7.118074301345e-03       1.776626581482e+04 
       7.242002886651e-03       1.792491557547e+04 
       7.366020963597e-03       1.808003022940e+04 
       7.490124813465e-03       1.823164596434e+04 
       7.614310961521e-03       1.837979784121e+04 
       7.738576159165e-03       1.852451664184e+04 
       7.862917367623e-03       1.866583082852e+04 
       7.987331743040e-03       1.880378996283e+04 
       8.111816622842e-03       1.893842665811e+04 
       8.236369513230e-03       1.906978215170e+04 
       8.360988077727e-03       1.919787865128e+04 
       8.485670126652e-03       1.932276574057e+04 
       8.610413607457e-03       1.944447343468e+04 
       8.735216595841e-03       1.956303452218e+04 
       8.860077287565e-03       1.967849012909e+04 
       8.984993990919e-03       1.979085972302e+04 
       9.109965119774e-03       1.990021735478e+04 
       9.234989187170e-03       2.000657049890e+04 
       9.360064799400e-03       2.010994419450e+04 
       9.485190650535e-03       2.021038867446e+04 
       9.610365517367e-03       2.030793784274e+04 
       9.735588254730e-03       2.040262273782e+04 
       9.860857791161e-03       2.049445911827e+04 
       9.986173124888e-03       2.058350749444e+04 
       1.011153332010e-02       2.066978973148e+04 
       1.023693750350e-02       2.075333435858e+04 
       1.036238486110e-02       2.083418515212e+04 
       1.048787463523e-02       2.091236603123e+04 
       1.061340612178e-02       2.098788313878e+04 
       1.073897866764e-02       2.106081509636e+04 
       1.086459166829e-02       2.113117982954e+04 
       1.099024456562e-02       2.119897599293e+04 
       1.111593684580e-02       2.126427707449e+04 
       1.124166803740e-02       2.132710815811e+04 
       1.136743770961e-02       2.138747087272e+04 
       1.149324547053e-02       2.144539812490e+04 
       1.161909096565e-02       2.150093737559e+04 
       1.174497387643e-02       2.155412908814e+04 
       1.187089391891e-02       2.160496389936e+04 
       1.199685084249e-02       2.165351410167e+04 
       1.212284442875e-02       2.169974741588e+04 
       1.224887449042e-02       2.174375297593e+04 
       1.237494087030e-02       2.178553685048e+04 
       1.250104344039e-02       2.182513660248e+04 
       1.262718210102e-02       2.186255118548e+04 
       1.275335678001e-02       2.189782743855e+04 
       1.287956743196e-02       2.193099556311e+04 
       1.300581403756e-02       2.196206350681e+04 
       1.313209660296e-02       2.199110284535e+04 
       1.325841515916e-02       2.201807802584e+04 
       1.338476976151e-02       2.204308062987e+04 
       1.351116048919e-02       2.206608635231e+04 
       1.363758744475e-02       2.208713460467e+04 
       1.376405075373e-02       2.210623994637e+04 
       1.389055056427e-02       2.212348113491e+04 
       1.401708704676e-02       2.213882170776e+04 
       1.414366039355e-02       2.215230362647e+04 
       1.427027081866e-02       2.216394783533e+04 
       1.439691855756e-02       2.217380599666e+04 
       1.452360386694e-02       2.218185293261e+04 
       1.465032702453e-02       2.218817301237e+04 
       1.477708832894e-02       2.219273605441e+04 
       1.490388809955e-02       2.219558297661e+04 
       1.503072667636e-02       2.219675688730e+04 
       1.515760441995e-02       2.219626579612e+04 
       1.528452171139e-02       2.219413643912e+04 
       1.541147895223e-02       2.219039151927e+04 
       1.553847656444e-02       2.218506430006e+04 
       1.566551499049e-02       2.217817635860e+04 
       1.579259469329e-02       2.216969110140e+04 
       1.591971615628e-02       2.215971029657e+04 
       1.604687988352e-02       2.214821405020e+04 
       1.617408639972e-02       2.213522997354e+04 
       1.630133625035e-02       2.212082698857e+04 
       1.642863000182e-02       2.210493595719e+04 
       1.655596824155e-02       2.208764862483e+04 
       1.668335157814e-02       2.206897113771e+04 
       1.681078064157e-02       2.204890042124e+04 
       1.693825608337e-02       2.202748663919e+04 
       1.706577857684e-02       2.200473427949e+04 
       1.719334881724e-02       2.198067624005e+04 
       1.732096752209e-02       2.195532184293e+04 
       1.744863543135e-02       2.192871391353e+04 
       1.757635330777e-02       2.190080758780e+04 
       1.770412193713e-02       2.187171850555e+04 
       1.783194212857e-02       2.184139747860e+04 
       1.795981471489e-02       2.180987853924e+04 
       1.808774055293e-02       2.177721583379e+04 
       1.821572052387e-02       2.174336246711e+04 
       1.834375553367e-02       2.170841101120e+04 
       1.847184651339e-02       2.167230957149e+04 
       1.859999441964e-02       2.163515192845e+04 
       1.872820023502e-02       2.159690377682e+04 
       1.885646496851e-02       2.155757251275e+04 
       1.898478965595e-02       2.151721647541e+04 
       1.911317536055e-02       2.147586688858e+04 
       1.924162317333e-02       2.143345668830e+04 
       1.937013421368e-02       2.139011851300e+04 
       1.949870962987e-02       2.134580585754e+04 
       1.962735059960e-02       2.130053615019e+04 
       1.975605833057e-02       2.125434948816e+04 
       1.988483406110e-02       2.120719480626e+04 
       2.001367906069e-02       2.115919952593e+04 
       2.014259463069e-02       2.111031221523e+04 
       2.027158210495e-02       2.106056843949e+04 
       2.040064285047e-02       2.100999316105e+04 
       2.052977826812e-02       2.095855759900e+04 
       2.065898979335e-02       2.090634761105e+04 
       2.078827889694e-02       2.085333900403e+04 
       2.091764708575e-02       2.079954199500e+04 
       2.104709590353e-02       2.074498059202e+04 
       2.117662693173e-02       2.068969047677e+04 
       2.130624179033e-02       2.063365324231e+04 
       2.143594213871e-02       2.057689974771e+04 
       2.156572967658e-02       2.051945590364e+04 
       2.169560614486e-02       2.046135457011e+04 
       2.182557332666e-02       2.040256328977e+04 
       2.195563304824e-02       2.034315540523e+04 
       2.208578718005e-02       2.028305264555e+04 
       2.221603763777e-02       2.022241514987e+04 
       2.234638638337e-02       2.016108246649e+04 
       2.247683542624e-02       2.009923833930e+04 
       2.260738682434e-02       2.003677158991e+04 
       2.273804268536e-02       1.997376044353e+04 
       2.286880516797e-02       1.991013210762e+04 
       2.299967648306e-02       1.984607278796e+04 
       2.313065889506e-02       1.978148909063e+04 
       2.326175472323e-02       1.971634361866e+04 
       2.339296634312e-02       1.965073459931e+04 
       2.352429618793e-02       1.958463914921e+04 
       2.365574675002e-02       1.951811785584e+04 
       2.378732058241e-02       1.945111467773e+04 
       2.391902030037e-02       1.938365537894e+04 
       2.405084858302e-02       1.931580777364e+04 
       2.418280817502e-02       1.924756343040e+04 
       2.431490188828e-02       1.917886975167e+04 
       2.444713260375e-02       1.910978497604e+04 
       2.457950327328e-02       1.904037025197e+04 
       2.471201692150e-02       1.897061224981e+04 
       2.484467664782e-02       1.890048805600e+04 
       2.497748562840e-02       1.882998688939e+04 
       2.511044711834e-02       1.875919126608e+04 
       2.524356445378e-02       1.868805247293e+04 
       2.537684105418e-02       1.861663232069e+04 
       2.551028042465e-02       1.854492428939e+04 
       2.564388615832e-02       1.847294046839e+04 
       2.577766193888e-02       1.840071293405e+04 
       2.591161154311e-02       1.832817433517e+04 
       2.604573884356e-02       1.825543776914e+04 
       2.618004781130e-02       1.818247740628e+04 
       2.631454251880e-02       1.810922940337e+04 
       2.644922714287e-02       1.803578072540e+04 
       2.658410596773e-02       1.796211084220e+04 
       2.671918338819e-02       1.788834263722e+04 
       2.685446391291e-02       1.781428436795e+04 
       2.698995216789e-02       1.774015512135e+04 
       2.712565289993e-02       1.766577212657e+04 
       2.726157098032e-02       1.759128593852e+04 
       2.739771140870e-02       1.751661782055e+04 
       2.753407931696e-02       1.744182488052e+04 
       2.767067997334e-02       1.736687216709e+04 
       2.780751878674e-02       1.729187532808e+04 
       2.794460131111e-02       1.721672956191e+04 
       2.808193325004e-02       1.714147818573e+04 
       2.821952046158e-02       1.706613012114e+04 
       2.835736896316e-02       1.699065236857e+04 
       2.849548493680e-02       1.691517422202e+04 
       2.863387473445e-02       1.683959690466e+04 
       2.877254488360e-02       1.676400896023e+04 
       2.891150209310e-02       1.668827012390e+04 
       2.905075325922e-02       1.661256844289e+04 
       2.919030547194e-02       1.653682018574e+04 
       2.933016602154e-02       1.646099704655e+04 
       2.947034240548e-02       1.638517872106e+04 
       2.961084233549e-02       1.630932686203e+04 
       2.975167374508e-02       1.623347788547e+04 
       2.989284479726e-02       1.615766598254e+04 
       3.003436389268e-02       1.608179851182e+04 
       3.017623967811e-02       1.600596332550e+04 
       3.031848105528e-02       1.593013845811e+04 
       3.046109719010e-02       1.585434121881e+04 
       3.060409752235e-02       1.577856981205e+04 
       3.074749177580e-02       1.570286203097e+04 
       3.089128996874e-02       1.562717361740e+04 
       3.103550242505e-02       1.555150940262e+04 
       3.118013978581e-02       1.547588031553e+04 
       3.132521302140e-02       1.540036587045e+04 
       3.147073344422e-02       1.532492321376e+04 
       3.161671272202e-02       1.524946232831e+04 
       3.176316289186e-02       1.517410978798e+04 
       3.191009637479e-02       1.509888595934e+04 
       3.205752599124e-02       1.502368627882e+04 
       3.220546497715e-02       1.494855867399e+04 
       3.235392700103e-02       1.487355698689e+04 
       3.250292618173e-02       1.479866428401e+04 
       3.265247710728e-02       1.472385947970e+04 
       3.280259485463e-02       1.464915834234e+04 
       3.295329501048e-02       1.457453017630e+04 
       3.310459369315e-02       1.450002079324e+04 
       3.325650757577e-02       1.442564410764e+04 
       3.340905391054e-02       1.435143803509e+04 
       3.356225055452e-02       1.427724468862e+04 
       3.371611599675e-02       1.420324924001e+04 
       3.387066938690e-02       1.412928912876e+04 
       3.402593056563e-02       1.405556701001e+04 
       3.418192009657e-02       1.398195096795e+04 
       3.433865930034e-02       1.390831088919e+04 
       3.449617029039e-02       1.383496390744e+04 
       3.465447601115e-02       1.376169998028e+04 
       3.481360027833e-02       1.368864236564e+04 
       3.497356782182e-02       1.361565925546e+04 
       3.513440433114e-02       1.354285621577e+04 
       3.529613650382e-02       1.347016996779e+04 
       3.545879209674e-02       1.339756202851e+04 
       3.562239998088e-02       1.332526522121e+04 
       3.578699019954e-02       1.325301204910e+04 
       3.595259403046e-02       1.318089551931e+04 
       3.611924405201e-02       1.310899733504e+04 
       3.628697421390e-02       1.303711648551e+04 
       3.645581991272e-02       1.296555494150e+04 
       3.662581807270e-02       1.289404843090e+04 
       3.679700723213e-02       1.282272576737e+04 
       3.696942763600e-02       1.275153701412e+04 
       3.714312133528e-02       1.268054625530e+04 
       3.731813229345e-02       1.260961621659e+04 
       3.749450650100e-02       1.253885245379e+04 
       3.767229209851e-02       1.246827716446e+04 
       3.785153950917e-02       1.239781899680e+04 
       3.803230158158e-02       1.232751121168e+04 
       3.821463374373e-02       1.225740392644e+04 
       3.839859416943e-02       1.218741213081e+04 
       3.858424395806e-02       1.211752438798e+04 
       3.877164732933e-02       1.204780125604e+04 
       3.896087183420e-02       1.197822947193e+04 
       3.915198858385e-02       1.190878517868e+04 
       3.934507249844e-02       1.183944724085e+04 
       3.954020257765e-02       1.177028475069e+04 
       3.973746219556e-02       1.170122959122e+04 
       3.993693942227e-02       1.163231634687e+04 
       4.013872737522e-02       1.156352401430e+04 
       4.034292460373e-02       1.149486772843e+04 
       4.054963551026e-02       1.142625833722e+04 
       4.075897081291e-02       1.135784753805e+04 
       4.097104805376e-02       1.128949221490e+04 
       4.118599215881e-02       1.122123087271e+04 
       4.140393605568e-02       1.115308873899e+04 
       4.162502135626e-02       1.108499465326e+04 
       4.184939911270e-02       1.101702723595e+04 
       4.207723065609e-02       1.094916398736e+04 
       4.230868852892e-02       1.088133042282e+04 
       4.254395752379e-02       1.081361798566e+04 
       4.278323584326e-02       1.074594537839e+04 
       4.302673639757e-02       1.067832172856e+04 
       4.327468826034e-02       1.061069413405e+04 
       4.352733830521e-02       1.054316168860e+04 
       4.378495305070e-02       1.047559966158e+04 
       4.404782074531e-02       1.040809178125e+04 
       4.431625373029e-02       1.034057294741e+04 
       4.459059112513e-02       1.027305689212e+04 
       4.487120188840e-02       1.020553540363e+04 
       4.515848831760e-02       1.013798047638e+04 
       4.545289006337e-02       1.007039599629e+04 
       4.575488874941e-02       1.000270958610e+04 
       4.606501330775e-02       9.934988541042e+03 
       4.638384616238e-02       9.867176215919e+03 
       4.671203042323e-02       9.799261802712e+03 
       4.705027828813e-02       9.731179738774e+03 
       4.739938089544e-02       9.662961693853e+03 
       4.776021992643e-02       9.594567883553e+03 
       4.813378132743e-02       9.525961770972e+03 
       4.852117161212e-02       9.457131127841e+03 
       4.892363731799e-02       9.388043024517e+03 
       4.934258833694e-02       9.318601897134e+03 
       4.977962602475e-02       9.248834503365e+03 
       5.023657723061e-02       9.178650624717e+03 
       5.071553568799e-02       9.107997320651e+03 
       5.121891258869e-02       9.036793219285e+03 
       5.174949863771e-02       8.964944009257e+03 
       5.231054047307e-02       8.892325153395e+03 
       5.290583503216e-02       8.818819387899e+03 
       5.353984622857e-02       8.744247384599e+03 
       5.421784907528e-02       8.668330460974e+03 
       5.494610691486e-02       8.590827952144e+03 
       5.573208717074e-02       8.511243078821e+03 
       5.658471893637e-02       8.429100185479e+03 
       5.751468965809e-02       8.343524265701e+03 
       5.853476423703e-02       8.253472629912e+03 
       5.966008138432e-02       8.157417748384e+03 
       6.090832900259e-02       8.053094920417e+03 
       6.229961187675e-02       7.937466943481e+03 
       6.385570155756e-02       7.806251703248e+03 
       6.559824574152e-02       7.653833779683e+03 
       6.754556234357e-02       7.473171974544e+03 
       6.970812648158e-02       7.256647200953e+03 
       7.208395429680e-02       6.997663593203e+03 
       7.465626534417e-02       6.693114749634e+03 
       7.739557151080e-02       6.345797072159e+03 
       8.026585758916e-02       5.965318731288e+03 
       8.323176147557e-02       5.566804928298e+03 
       8.626353200479e-02       5.168157273965e+03 
       8.933875961425e-02       4.786746244085e+03 
       9.244181219041e-02       4.436982304105e+03 
       9.556233106374e-02       4.128883393522e+03 
       9.869367657538e-02       3.867777295268e+03 
       1.018316814576e-01       3.654512312578e+03 
       1.049737641681e-01       3.486228349708e+03 
       1.081183382423e-01       3.357345847832e+03 
       1.112644334160e-01       3.260217958431e+03 
       1.144114579471e-01       3.186018977075e+03 
       1.175590514867e-01       3.125465472219e+03 
       1.207069947285e-01       3.069626393774e+03 
       1.238551541917e-01       3.010642144253e+03 
       1.270034485723e-01       2.942407572006e+03 
       1.301518282745e-01       2.861027424399e+03 
       1.333002629710e-01       2.765101990453e+03 
       1.364487340475e-01       2.655556340984e+03 
       1.395972300149e-01       2.535281215294e+03 
       1.427457437231e-01       2.408521087737e+03 
       1.458942706693e-01       2.280196529059e+03 
       1.490428079702e-01       2.155202492166e+03 
       1.521913537366e-01       2.037882196896e+03 
       1.553399066937e-01       1.931617657779e+03 
       1.584884659493e-01       1.838601968973e+03 
       1.616370308519e-01       1.759812972208e+03 
       1.647856009044e-01       1.695090746492e+03 
       1.679341757111e-01       1.643305794998e+03 
       1.710827549438e-01       1.602537220751e+03 
       1.742313383223e-01       1.570352464682e+03 
       1.773799256004e-01       1.544307717796e+03 
       1.805285165582e-01       1.521599863324e+03 
       1.836771109962e-01       1.499217697756e+03 
       1.868257087318e-01       1.474811929834e+03 
       1.899743095964e-01       1.446632328857e+03 
       1.931229134338e-01       1.413695755023e+03 
       1.962715200986e-01       1.375815946749e+03 
       1.994201294552e-01       1.333520368886e+03 
       2.025687413766e-01       1.287852022755e+03 
       2.057173557440e-01       1.240211701401e+03 
       2.088659724456e-01       1.192091749450e+03 
       2.120145913767e-01       1.144953129336e+03 
       2.151632124385e-01       1.100104801723e+03 
       2.183118355383e-01       1.058619763850e+03 
       2.214604605885e-01       1.021263444386e+03 
       2.246090875064e-01       9.884729621767e+02 
       2.277577162140e-01       9.603047771691e+02 
       2.309063466377e-01       9.365068934064e+02 
       2.340549787076e-01       9.164922120168e+02 
       2.372036123580e-01       8.995042085846e+02 
       2.403522475261e-01       8.846465949440e+02 
       2.435008841527e-01       8.710119920390e+02 
       2.466495221817e-01       8.577546987919e+02 
       2.497981615597e-01       8.441494141054e+02 
       2.529468022360e-01       8.296313723168e+02 
       2.560954441624e-01       8.138182519504e+02 
       2.592440872931e-01       7.965260323134e+02 
       2.623927315845e-01       7.778030563936e+02 
       2.655413769950e-01       7.578742474998e+02 
       2.686900234851e-01       7.371400089237e+02 
       2.718386710170e-01       7.160928064696e+02 
       2.749873195548e-01       6.952557705411e+02 
       2.781359690641e-01       6.751184836582e+02 
       2.812846195121e-01       6.560746817404e+02 
       2.844332708674e-01       6.384061337898e+02 
       2.875819231001e-01       6.222716310974e+02 
       2.907305761816e-01       6.077153742080e+02 
       2.938792300843e-01       5.946885215849e+02 
       2.970278847821e-01       5.830539683698e+02 
       3.001765402498e-01       5.726038224842e+02 
       3.033251964633e-01       5.630754981905e+02 
       3.064738533995e-01       5.541717338185e+02 
       3.096225110362e-01       5.455987348808e+02 
       3.127711693522e-01       5.370805458360e+02 
       3.159198283271e-01       5.284029698071e+02 
       3.190684879412e-01       5.194223598264e+02 
       3.222171481757e-01       5.100692136044e+02 
       3.253658090126e-01       5.003418195763e+02 
       3.285144704344e-01       4.902923523009e+02 
       3.316631324243e-01       4.800149653412e+02 
       3.348117949664e-01       4.696287410532e+02 
       3.379604580451e-01       4.592772812413e+02 
       3.411091216454e-01       4.491099060177e+02 
       3.442577857530e-01       4.392690713463e+02 
       3.474064503540e-01       4.298780416696e+02 
       3.505551154350e-01       4.210237745265e+02 
       3.537037809833e-01       4.127467371042e+02 
       3.568524469863e-01       4.050482963005e+02 
       3.600011134321e-01       3.978866234876e+02 
       3.631497803092e-01       3.911959192740e+02 
       3.662984476062e-01       3.848938913487e+02 
       3.694471153126e-01       3.788967114811e+02 
       3.725957834178e-01       3.731181559481e+02 
       3.757444519117e-01       3.674775465030e+02 
       3.788931207847e-01       3.618992691391e+02 
       3.820417900274e-01       3.563229503317e+02 
       3.851904596305e-01       3.507003391044e+02 
       3.883391295854e-01       3.450103374278e+02 
       3.914877998836e-01       3.392568940686e+02 
       3.946364705166e-01       3.334607128654e+02 
       3.977851414767e-01       3.276578389370e+02 
       4.009338127559e-01       3.218929023018e+02 
       4.040824843470e-01       3.162065965335e+02 
       4.072311562425e-01       3.106323678235e+02 
       4.103798284354e-01       3.052037316073e+02 
       4.135285009190e-01       2.999466421612e+02 
       4.166771736867e-01       2.948874458577e+02 
       4.198258467319e-01       2.900398250251e+02 
       4.229745200485e-01       2.854099755843e+02 
       4.261231936305e-01       2.809934882339e+02 
       4.292718674719e-01       2.767694223727e+02 
       4.324205415671e-01       2.727150477420e+02 
       4.355692159106e-01       2.687927384738e+02 
       4.387178904971e-01       2.649773889263e+02 
       4.418665653212e-01       2.612396924404e+02 
       4.450152403779e-01       2.575568112536e+02 
       4.481639156624e-01       2.539118552380e+02 
       4.513125911698e-01       2.502933713273e+02 
       4.544612668955e-01       2.466891444200e+02 
       4.576099428349e-01       2.430934010835e+02 
       4.607586189837e-01       2.395068111842e+02 
       4.639072953376e-01       2.359383304930e+02 
       4.670559718924e-01       2.324019520971e+02 
       4.702046486440e-01       2.289167578893e+02 
       4.733533255886e-01       2.254981768677e+02 
       4.765020027223e-01       2.221622480461e+02 
       4.796506800414e-01       2.189164747011e+02 
       4.827993575422e-01       2.157648890820e+02 
       4.859480352211e-01       2.127086689695e+02 
       4.890967130748e-01       2.097464847709e+02 
       4.922453910999e-01       2.068743012826e+02 
       4.953940692930e-01       2.040887156492e+02 
       4.985427476510e-01       2.013815857081e+02 
       5.016914261708e-01       1.987426193409e+02 
       5.048401048493e-01       1.961597104326e+02 
       5.079887836836e-01       1.936211498773e+02 
       5.111374626708e-01       1.911163804748e+02 
       5.142861418080e-01       1.886398677108e+02 
       5.174348210926e-01       1.861893866157e+02 
       5.205835005219e-01       1.837649577211e+02 
       5.237321800931e-01       1.813690331975e+02 
       5.268808598038e-01       1.790026141050e+02 
       5.300295396515e-01       1.766665940814e+02 
       5.331782196338e-01       1.743618272973e+02 
       5.363268997482e-01       1.720903443257e+02 
       5.394755799925e-01       1.698562845271e+02 
       5.426242603643e-01       1.676643623703e+02 
       5.457729408616e-01       1.655188039336e+02 
       5.489216214820e-01       1.634217166643e+02 
       5.520703022235e-01       1.613724617856e+02 
       5.552189830840e-01       1.593696159482e+02 
       5.583676640615e-01       1.574101308140e+02 
       5.615163451541e-01       1.554911456322e+02 
       5.646650263598e-01       1.536082934676e+02 
       5.678137076767e-01       1.517630255502e+02 
       5.709623891029e-01       1.499535877948e+02 
       5.741110706367e-01       1.481761378729e+02 
       5.772597522763e-01       1.464286914245e+02 
       5.804084340200e-01       1.447050926899e+02 
       5.835571158661e-01       1.430030211288e+02 
       5.867057978129e-01       1.413213396473e+02 
       5.898544798588e-01       1.396602901073e+02 
       5.930031620022e-01       1.380210675558e+02 
       5.961518442417e-01       1.364053350953e+02 
       5.993005265755e-01       1.348146193670e+02 
       6.024492090024e-01       1.332478244457e+02 
       6.055978915208e-01       1.317050612439e+02 
       6.087465741293e-01       1.301868465381e+02 
       6.118952568265e-01       1.286935690653e+02 
       6.150439396111e-01       1.272251095213e+02 
       6.181926224816e-01       1.257839103682e+02 
       6.213413054368e-01       1.243699244866e+02 
       6.244899884755e-01       1.229833460587e+02 
       6.276386715963e-01       1.216211440217e+02 
       6.307873547980e-01       1.202810116486e+02 
       6.339360380794e-01       1.189618550336e+02 
       6.370847214394e-01       1.176623687662e+02 
       6.402334048767e-01       1.163824041901e+02 
       6.433820883902e-01       1.151218051238e+02 
       6.465307719788e-01       1.138813115274e+02 
       6.496794556415e-01       1.126582529038e+02 
       6.528281393771e-01       1.114523631191e+02 
       6.559768231845e-01       1.102622202723e+02 
       6.591255070629e-01       1.090867502675e+02 
       6.622741910110e-01       1.079264023277e+02 
       6.654228750280e-01       1.067819789499e+02 
       6.685715591129e-01       1.056546762921e+02 
       6.717202432647e-01       1.045446663631e+02 
       6.748689274825e-01       1.034518940958e+02 
       6.780176117653e-01       1.023754630812e+02 
       6.811662961123e-01       1.013144923061e+02 
       6.843149805225e-01       1.002686848180e+02 
       6.874636649951e-01       9.923756277219e+01 
       6.906123495293e-01       9.822280099051e+01 
       6.937610341242e-01       9.722394289898e+01 
       6.969097187789e-01       9.624062354356e+01 
       7.000584034927e-01       9.527251214785e+01 
       7.032070882648e-01       9.431823057525e+01 
       7.063557730943e-01       9.337682062100e+01 
       7.095044579806e-01       9.244669553766e+01 
       7.126531429228e-01       9.152889137296e+01 
       7.158018279203e-01       9.062378892389e+01 
       7.189505129722e-01       8.973083992436e+01 
       7.220991980780e-01       8.885121814206e+01 
       7.252478832368e-01       8.798405936246e+01 
       7.283965684480e-01       8.712679482162e+01 
       7.315452537110e-01       8.628077936813e+01 
       7.346939390249e-01       8.544517783570e+01 
       7.378426243893e-01       8.462019563283e+01 
       7.409913098034e-01       8.380676849600e+01 
       7.441399952667e-01       8.300548252830e+01 
       8.146274989189e-01       6.755731645646e+01 
       9.175168101956e-01       5.139643395429e+01 
       1.082045963031e+00       3.500735176669e+01 
