# Matter power spectrum P(k) at redshift z=0
# for k=0.000782008 to 826.306 h/Mpc,
# number of wavenumbers equal to 521
#    1:k (h/Mpc)              2:P (Mpc/h)^3        
       7.820083848374e-04       1.738679750773e-04 
       6.176822371528e-03       1.269200718768e-03 
       1.871764651806e-02       3.682961930538e-03 
       3.155027742853e-02       6.073662995984e-03 
       4.440693395037e-02       8.415376547556e-03 
       5.727028818301e-02       1.071332007818e-02 
       7.013654944960e-02       1.297089121125e-02 
       8.300442891518e-02       1.519024623337e-02 
       9.587337329377e-02       1.737260685984e-02 
       1.087431082837e-01       1.951884256271e-02 
       1.216134842655e-01       2.162970157578e-02 
       1.344844141732e-01       2.370537568990e-02 
       1.473558451604e-01       2.574634486702e-02 
       1.602277444086e-01       2.775311523644e-02 
       1.731000914808e-01       2.972609844285e-02 
       1.859728739519e-01       3.166563809180e-02 
       1.988460847869e-01       3.357207717262e-02 
       2.117197207044e-01       3.544573066684e-02 
       2.245937811191e-01       3.728700722624e-02 
       2.374682674373e-01       3.909619251227e-02 
       2.503431825766e-01       4.087370299885e-02 
       2.632185306308e-01       4.261983818733e-02 
       2.760943166317e-01       4.433505245731e-02 
       2.889705463762e-01       4.601963652923e-02 
       3.018472263006e-01       4.767404256037e-02 
       3.147243633863e-01       4.929862834862e-02 
       3.276019650894e-01       5.089380586597e-02 
       3.404800392882e-01       5.245994468129e-02 
       3.533585942418e-01       5.399773239027e-02 
       3.662376385597e-01       5.550700454144e-02 
       3.791171811782e-01       5.698832825804e-02 
       3.919972313420e-01       5.844237484738e-02 
       4.048777985909e-01       5.986971379273e-02 
       4.177588927494e-01       6.127014197141e-02 
       4.306405239188e-01       6.264321922695e-02 
       4.435227024726e-01       6.399116828110e-02 
       4.564054390518e-01       6.531288985862e-02 
       4.692887445638e-01       6.660918307643e-02 
       4.821726301805e-01       6.788193052006e-02 
       4.950571073389e-01       6.912886573418e-02 
       5.079421877415e-01       7.035185160426e-02 
       5.208278833580e-01       7.155168143753e-02 
       5.337142064273e-01       7.272688916369e-02 
       5.466011694602e-01       7.388038198068e-02 
       5.594887852423e-01       7.500929131328e-02 
       5.723770668380e-01       7.611688171227e-02 
       5.852660275935e-01       7.720263024389e-02 
       5.981556811417e-01       7.826475001075e-02 
       6.110460414062e-01       7.930680008975e-02 
       6.239371226064e-01       8.032688898371e-02 
       6.368289392619e-01       8.132605536093e-02 
       6.497215061985e-01       8.230499849864e-02 
       6.626148385529e-01       8.326453170042e-02 
       6.755089517789e-01       8.420300504354e-02 
       6.884038616527e-01       8.512069669443e-02 
       7.012995842796e-01       8.602080543465e-02 
       7.141961360997e-01       8.690024653414e-02 
       7.270935338946e-01       8.776078274909e-02 
       7.399917947941e-01       8.860364563087e-02 
       7.528909362828e-01       8.942715007669e-02 
       7.657909762070e-01       9.023273538175e-02 
       7.786919327825e-01       9.102169595088e-02 
       7.915938246010e-01       9.179198330463e-02 
       8.044966706386e-01       9.254543550957e-02 
       8.174004902629e-01       9.328055233380e-02 
       8.303053032410e-01       9.399899320617e-02 
       8.432111297479e-01       9.470027984721e-02 
       8.561179903746e-01       9.538723339005e-02 
       8.690259061366e-01       9.605699563088e-02 
       8.819348984825e-01       9.670889919139e-02 
       8.948449893030e-01       9.734772328967e-02 
       9.077562009401e-01       9.797033856419e-02 
       9.206685561960e-01       9.857933524431e-02 
       9.335820783433e-01       9.916884399814e-02 
       9.464967911337e-01       9.974417016775e-02 
       9.594127188090e-01       1.003071639812e-01 
       9.723298861106e-01       1.008548272883e-01 
       9.852483182900e-01       1.013947867227e-01 
       9.981680411194e-01       1.019077188937e-01 
       1.011089080903e+00       1.024123576913e-01 
       1.024011464487e+00       1.029035846142e-01 
       1.036935219272e+00       1.033819674790e-01 
       1.049860373225e+00       1.038460141599e-01 
       1.062786954889e+00       1.042967726796e-01 
       1.075714993397e+00       1.047368791151e-01 
       1.088644518485e+00       1.051618507571e-01 
       1.101575560502e+00       1.055744456792e-01 
       1.114508150426e+00       1.059759066771e-01 
       1.127442319874e+00       1.063636984698e-01 
       1.140378101119e+00       1.067401385185e-01 
       1.153315527101e+00       1.071052218102e-01 
       1.166254631441e+00       1.074554330550e-01 
       1.179195448460e+00       1.077973798125e-01 
       1.192138013186e+00       1.081251834678e-01 
       1.205082361376e+00       1.084447774900e-01 
       1.218028529529e+00       1.087516877102e-01 
       1.230976554900e+00       1.090471747772e-01 
       1.243926475519e+00       1.093313444100e-01 
       1.256878330203e+00       1.096065169342e-01 
       1.269832158581e+00       1.098682268422e-01 
       1.282788001102e+00       1.101208260661e-01 
       1.295745899058e+00       1.103657585256e-01 
       1.308705894601e+00       1.105963267027e-01 
       1.321668030761e+00       1.108211143507e-01 
       1.334632351465e+00       1.110335365245e-01 
       1.347598901555e+00       1.112361930179e-01 
       1.360567726811e+00       1.114303077208e-01 
       1.373538873967e+00       1.116130126217e-01 
       1.386512390734e+00       1.117877462265e-01 
       1.399488325822e+00       1.119527830395e-01 
       1.412466728959e+00       1.121102378944e-01 
       1.425447650914e+00       1.122565157894e-01 
       1.438431143520e+00       1.123962574214e-01 
       1.451417259697e+00       1.125273124002e-01 
       1.464406053476e+00       1.126478565837e-01 
       1.477397580021e+00       1.127609543609e-01 
       1.490391895657e+00       1.128653954986e-01 
       1.503389057892e+00       1.129614840677e-01 
       1.516389125445e+00       1.130487553112e-01 
       1.529392158272e+00       1.131293421186e-01 
       1.542398217594e+00       1.132007034799e-01 
       1.555407365921e+00       1.132667090134e-01 
       1.568419667085e+00       1.133234324374e-01 
       1.581435186267e+00       1.133720643157e-01 
       1.594453990027e+00       1.134137286342e-01 
       1.607476146334e+00       1.134478971572e-01 
       1.620501724596e+00       1.134760264558e-01 
       1.633530795696e+00       1.134954856268e-01 
       1.646563432020e+00       1.135089279165e-01 
       1.659599707494e+00       1.135141820258e-01 
       1.672639697616e+00       1.135140085574e-01 
       1.685683479493e+00       1.135063983813e-01 
       1.698731131874e+00       1.134924609443e-01 
       1.711782735190e+00       1.134718838078e-01 
       1.724838371590e+00       1.134462142860e-01 
       1.737898124980e+00       1.134121357038e-01 
       1.750962081064e+00       1.133746418081e-01 
       1.764030327382e+00       1.133285931679e-01 
       1.777102953353e+00       1.132768450122e-01 
       1.790180050317e+00       1.132191768951e-01 
       1.803261711581e+00       1.131554249799e-01 
       1.816348032459e+00       1.130873726241e-01 
       1.829439110324e+00       1.130108661938e-01 
       1.842535044649e+00       1.129318594348e-01 
       1.855635937060e+00       1.128460919452e-01 
       1.868741891384e+00       1.127531587693e-01 
       1.881853013696e+00       1.126571396329e-01 
       1.894969412378e+00       1.125547110355e-01 
       1.908091198167e+00       1.124472302629e-01 
       1.921218484211e+00       1.123375045418e-01 
       1.934351386125e+00       1.122196844312e-01 
       1.947490022052e+00       1.120976461015e-01 
       1.960634512716e+00       1.119696338891e-01 
       1.973784981486e+00       1.118378797696e-01 
       1.986941554440e+00       1.117025747621e-01 
       2.000104360425e+00       1.115621383021e-01 
       2.013273531126e+00       1.114178184624e-01 
       2.026449201130e+00       1.112675048434e-01 
       2.039631507998e+00       1.111137630927e-01 
       2.052820592335e+00       1.109538542612e-01 
       2.066016597861e+00       1.107911062020e-01 
       2.079219671491e+00       1.106267616514e-01 
       2.092429963405e+00       1.104557811802e-01 
       2.105647627131e+00       1.102809592320e-01 
       2.118872819628e+00       1.101019606183e-01 
       2.132105701363e+00       1.099190141741e-01 
       2.145346436406e+00       1.097316187755e-01 
       2.158595192507e+00       1.095418309845e-01 
       2.171852141196e+00       1.093478034033e-01 
       2.185117457873e+00       1.091507456072e-01 
       2.198391321900e+00       1.089500356454e-01 
       2.211673916706e+00       1.087460315121e-01 
       2.224965429883e+00       1.085380594068e-01 
       2.238266053293e+00       1.083273390451e-01 
       2.251575983174e+00       1.081138292916e-01 
       2.264895420252e+00       1.078987509615e-01 
       2.278224569852e+00       1.076777627902e-01 
       2.291563642016e+00       1.074543467660e-01 
       2.304912851625e+00       1.072279080497e-01 
       2.318272418520e+00       1.069988260911e-01 
       2.331642567632e+00       1.067656522007e-01 
       2.345023529111e+00       1.065310435832e-01 
       2.358415538464e+00       1.062948197304e-01 
       2.371818836693e+00       1.060527076938e-01 
       2.385233670439e+00       1.058112778754e-01 
       2.398660292131e+00       1.055657797330e-01 
       2.412098960136e+00       1.053182108569e-01 
       2.425549938921e+00       1.050667307855e-01 
       2.439013499211e+00       1.048143025776e-01 
       2.452489918159e+00       1.045591893227e-01 
       2.465979479518e+00       1.043008048091e-01 
       2.479482473821e+00       1.040418797640e-01 
       2.492999198560e+00       1.037796504020e-01 
       2.506529958385e+00       1.035157004284e-01 
       2.520075065290e+00       1.032497541781e-01 
       2.533634838823e+00       1.029811469647e-01 
       2.547209606292e+00       1.027117241419e-01 
       2.560799702980e+00       1.024406438199e-01 
       2.574405472373e+00       1.021666256178e-01 
       2.588027266386e+00       1.018903752080e-01 
       2.601665445603e+00       1.016112981077e-01 
       2.615320379526e+00       1.013339249155e-01 
       2.628992446828e+00       1.010533915644e-01 
       2.642682035617e+00       1.007718127815e-01 
       2.656389543709e+00       1.004865950564e-01 
       2.670115378912e+00       1.001997194598e-01 
       2.683859959318e+00       9.991297578582e-02 
       2.697623713606e+00       9.962446548185e-02 
       2.711407081356e+00       9.933453592114e-02 
       2.725210513372e+00       9.904448694188e-02 
       2.739034472025e+00       9.875128413647e-02 
       2.752879431593e+00       9.845805016855e-02 
       2.766745878632e+00       9.816341743309e-02 
       2.780634312346e+00       9.786688928419e-02 
       2.794545244977e+00       9.756973601151e-02 
       2.808479202212e+00       9.727112125268e-02 
       2.822436723601e+00       9.697046286327e-02 
       2.836418362989e+00       9.666945113598e-02 
       2.850424688975e+00       9.636959186959e-02 
       2.864456285375e+00       9.606742884371e-02 
       2.878513751715e+00       9.576232315382e-02 
       2.892597703737e+00       9.545856504623e-02 
       2.906708773924e+00       9.515308266860e-02 
       2.920847612054e+00       9.484699408369e-02 
       2.935014885766e+00       9.453965778389e-02 
       2.949211281154e+00       9.423341609654e-02 
       2.963437503391e+00       9.392453220535e-02 
       2.977694277368e+00       9.361629021966e-02 
       2.991982348365e+00       9.330791443971e-02 
       3.006302482755e+00       9.299679341654e-02 
       3.020655468728e+00       9.268686182496e-02 
       3.035042117052e+00       9.237612878892e-02 
       3.049463261869e+00       9.206379571419e-02 
       3.063919761521e+00       9.175114759477e-02 
       3.078412499413e+00       9.143855640523e-02 
       3.092942384916e+00       9.112509062000e-02 
       3.107510354312e+00       9.081227306391e-02 
       3.122117371778e+00       9.049859236966e-02 
       3.136764430413e+00       9.018476065608e-02 
       3.151452553324e+00       8.986866425809e-02 
       3.166182794746e+00       8.955322415022e-02 
       3.180956241227e+00       8.924059215157e-02 
       3.195774012865e+00       8.892520283885e-02 
       3.210637264601e+00       8.860972480276e-02 
       3.225547187580e+00       8.829263877034e-02 
       3.240505010578e+00       8.797774555752e-02 
       3.255512001489e+00       8.766189173852e-02 
       3.270569468902e+00       8.734796737113e-02 
       3.285678763747e+00       8.702926973889e-02 
       3.300841281023e+00       8.671361280374e-02 
       3.316058461622e+00       8.639848299108e-02 
       3.331331794243e+00       8.608238062206e-02 
       3.346662817402e+00       8.576421383126e-02 
       3.362053121560e+00       8.544906078828e-02 
       3.377504351352e+00       8.513270935078e-02 
       3.393018207942e+00       8.481610321913e-02 
       3.408596451511e+00       8.450132973818e-02 
       3.424240903869e+00       8.418633439133e-02 
       3.439953451229e+00       8.386950069436e-02 
       3.455736047124e+00       8.355274354883e-02 
       3.471590715498e+00       8.323918853035e-02 
       3.487519553971e+00       8.292275133011e-02 
       3.503524737298e+00       8.260930715993e-02 
       3.519608521028e+00       8.229059764659e-02 
       3.535773245384e+00       8.197742000261e-02 
       3.552021339378e+00       8.166403621617e-02 
       3.568355325174e+00       8.134944223053e-02 
       3.584777822724e+00       8.103610866476e-02 
       3.601291554689e+00       8.072022564944e-02 
       3.617899351683e+00       8.040667199323e-02 
       3.634604157838e+00       8.009297774789e-02 
       3.651409036743e+00       7.978154462854e-02 
       3.668317177766e+00       7.946669397418e-02 
       3.685331902803e+00       7.915592149624e-02 
       3.702456673475e+00       7.884243574803e-02 
       3.719695098828e+00       7.853032486584e-02 
       3.737050943554e+00       7.821801203606e-02 
       3.754528136797e+00       7.790706802809e-02 
       3.772130781590e+00       7.759589733058e-02 
       3.789863164960e+00       7.728650140331e-02 
       3.807729768784e+00       7.697590517118e-02 
       3.825735281448e+00       7.666455852787e-02 
       3.843884610382e+00       7.635779411463e-02 
       3.862182895556e+00       7.604614846859e-02 
       3.880635524016e+00       7.573765829062e-02 
       3.899248145574e+00       7.542968184169e-02 
       3.918026689747e+00       7.512232546612e-02 
       3.936977384061e+00       7.481507638292e-02 
       3.956106773885e+00       7.450470238720e-02 
       3.975421743902e+00       7.420142772296e-02 
       3.994929541422e+00       7.389363555523e-02 
       4.014637801705e+00       7.358468607496e-02 
       4.034554575509e+00       7.327904753502e-02 
       4.054688359104e+00       7.297350498044e-02 
       4.075048127008e+00       7.267182310320e-02 
       4.095643367754e+00       7.236328553814e-02 
       4.116484123026e+00       7.206219818998e-02 
       4.137581030539e+00       7.175494642850e-02 
       4.158945371104e+00       7.145102629249e-02 
       4.180589120367e+00       7.114872967593e-02 
       4.202525005789e+00       7.084713576996e-02 
       4.224766569501e+00       7.054252626807e-02 
       4.247328237770e+00       7.024247966063e-02 
       4.270225397914e+00       6.993772801049e-02 
       4.293474483636e+00       6.963664581084e-02 
       4.317093069884e+00       6.933538020769e-02 
       4.341099978519e+00       6.903461826201e-02 
       4.365515396296e+00       6.873316704651e-02 
       4.390361006866e+00       6.843578487662e-02 
       4.415660138824e+00       6.813120316042e-02 
       4.441437932165e+00       6.783128695027e-02 
       4.467721525887e+00       6.753244556499e-02 
       4.494540270010e+00       6.723552667813e-02 
       4.521925965824e+00       6.693433001589e-02 
       4.549913138903e+00       6.663472472423e-02 
       4.578539350275e+00       6.633959956292e-02 
       4.607845552168e+00       6.604067982637e-02 
       4.637876496019e+00       6.574344162779e-02 
       4.668681201991e+00       6.544644752654e-02 
       4.700313501127e+00       6.514890769266e-02 
       4.732832663662e+00       6.485165088791e-02 
       4.766304129900e+00       6.455735928567e-02 
       4.800800363723e+00       6.425811622092e-02 
       4.836401853344e+00       6.396348278289e-02 
       4.873198289646e+00       6.366846988148e-02 
       4.911289959622e+00       6.336789080758e-02 
       4.950789401605e+00       6.308078592443e-02 
       4.991823380500e+00       6.277896900858e-02 
       5.034535255993e+00       6.249264080511e-02 
       5.079087835474e+00       6.219755534661e-02 
       5.125666827347e+00       6.190675072794e-02 
       5.174485040846e+00       6.160853139495e-02 
       5.225787517028e+00       6.131776051887e-02 
       5.279857823947e+00       6.102964703489e-02 
       5.337025808469e+00       6.073881299793e-02 
       5.397677168207e+00       6.045042704358e-02 
       5.462265286737e+00       6.016349672126e-02 
       5.531325854531e+00       5.987713399476e-02 
       5.605494853058e+00       5.959047708076e-02 
       5.685530458295e+00       5.930368887311e-02 
       5.772339214273e+00       5.901422027847e-02 
       5.867006226008e+00       5.872145701881e-02 
       5.970827732187e+00       5.841864290982e-02 
       6.085341567982e+00       5.810184983201e-02 
       6.212345703750e+00       5.776040461278e-02 
       6.353886127536e+00       5.737662334367e-02 
       6.512182806499e+00       5.692506333608e-02 
       6.689450761170e+00       5.637383483834e-02 
       6.887577293982e+00       5.566480252321e-02 
       7.107663950452e+00       5.474108676592e-02 
       7.349552095740e+00       5.353630452390e-02 
       7.611573048151e+00       5.200296818858e-02 
       7.890746574670e+00       5.012612210259e-02 
       8.183403374897e+00       4.794874216022e-02 
       8.485921109752e+00       4.556416404986e-02 
       8.795240462370e+00       4.309896574118e-02 
       9.109050929511e+00       4.068727927211e-02 
       9.425737979870e+00       3.844650327455e-02 
       9.744230597455e+00       3.646808709876e-02 
       1.006384188239e+01       3.480487887426e-02 
       1.038414060617e+01       3.347604478825e-02 
       1.070485963254e+01       3.246857751592e-02 
       1.102583483223e+01       3.174822035487e-02 
       1.134696587094e+01       3.125579825217e-02 
       1.166819160154e+01       3.092387518192e-02 
       1.198947482868e+01       3.067360451740e-02 
       1.231079295247e+01       3.042628796757e-02 
       1.263213225074e+01       3.010968150997e-02 
       1.295348439515e+01       2.966762407181e-02 
       1.327484433234e+01       2.905906227711e-02 
       1.359620899655e+01       2.827797973358e-02 
       1.391757652802e+01       2.733688394523e-02 
       1.423894579866e+01       2.627036578062e-02 
       1.456031612421e+01       2.512724930787e-02 
       1.488168708962e+01       2.396209707070e-02 
       1.520305844316e+01       2.282709986071e-02 
       1.552443003212e+01       2.176624626619e-02 
       1.584580176391e+01       2.081222050215e-02 
       1.616717358234e+01       1.998488644751e-02 
       1.648854545333e+01       1.929017699049e-02 
       1.680991735623e+01       1.872385293303e-02 
       1.713128927849e+01       1.827215127486e-02 
       1.745266121252e+01       1.791421978038e-02 
       1.777403315369e+01       1.762307547801e-02 
       1.809540509921e+01       1.737172119852e-02 
       1.841677704738e+01       1.713508108437e-02 
       1.873814899717e+01       1.688684978790e-02 
       1.905952094796e+01       1.660220998997e-02 
       1.938089289936e+01       1.626630824266e-02 
       1.970226485114e+01       1.587202415433e-02 
       2.002363680316e+01       1.542168097227e-02 
       2.034500875535e+01       1.492455370786e-02 
       2.066638070763e+01       1.439609695911e-02 
       2.098775265999e+01       1.385400362593e-02 
       2.130912461240e+01       1.331627530305e-02 
       2.163049656485e+01       1.279757363247e-02 
       2.195186851733e+01       1.230995832346e-02 
       2.227324046983e+01       1.186191442023e-02 
       2.259461242236e+01       1.145673798115e-02 
       2.291598437491e+01       1.109684863451e-02 
       2.323735632748e+01       1.077933115389e-02 
       2.355872828007e+01       1.050048636176e-02 
       2.388010023267e+01       1.025333532772e-02 
       2.420147218529e+01       1.002998650035e-02 
       2.452284413793e+01       9.821143072218e-03 
       2.484421609058e+01       9.618439538207e-03 
       2.516558804324e+01       9.414387116431e-03 
       2.548695999592e+01       9.203160690310e-03 
       2.580833194861e+01       8.981459327451e-03 
       2.612970390131e+01       8.747972309510e-03 
       2.645107585402e+01       8.503204678988e-03 
       2.677244780675e+01       8.249309246468e-03 
       2.709381975948e+01       7.989644454125e-03 
       2.741519171223e+01       7.728297573891e-03 
       2.773656366498e+01       7.469981835752e-03 
       2.805793561775e+01       7.218943097531e-03 
       2.837930757053e+01       6.978871770951e-03 
       2.870067952331e+01       6.752509382058e-03 
       2.902205147611e+01       6.541264788949e-03 
       2.934342342891e+01       6.345401625947e-03 
       2.966479538172e+01       6.164027006036e-03 
       2.998616733454e+01       5.995584445824e-03 
       3.030753928736e+01       5.838107526703e-03 
       3.062891124020e+01       5.689400987672e-03 
       3.095028319304e+01       5.547261947676e-03 
       3.127165514589e+01       5.409595869579e-03 
       3.159302709874e+01       5.274582832175e-03 
       3.191439905161e+01       5.140624186037e-03 
       3.223577100448e+01       5.006652306742e-03 
       3.255714295735e+01       4.872101263259e-03 
       3.287851491023e+01       4.736959047005e-03 
       3.319988686312e+01       4.601679460616e-03 
       3.352125881601e+01       4.467190885406e-03 
       3.384263076891e+01       4.334429079136e-03 
       3.416400272181e+01       4.204417236013e-03 
       3.448537467472e+01       4.078008087499e-03 
       3.480674662764e+01       3.955905313651e-03 
       3.512811858055e+01       3.838629607559e-03 
       3.544949053348e+01       3.726490751514e-03 
       3.577086248641e+01       3.619592818060e-03 
       3.609223443934e+01       3.517922651654e-03 
       3.641360639228e+01       3.421157842486e-03 
       3.673497834522e+01       3.328867616150e-03 
       3.705635029817e+01       3.240452017562e-03 
       3.737772225112e+01       3.155278820789e-03 
       3.769909420407e+01       3.072755208139e-03 
       3.802046615703e+01       2.992394904120e-03 
       3.834183810999e+01       2.913842489279e-03 
       3.866321006296e+01       2.836864556770e-03 
       3.898458201593e+01       2.761333787326e-03 
       3.930595396890e+01       2.687203743619e-03 
       3.962732592187e+01       2.614481347576e-03 
       3.994869787485e+01       2.543231248888e-03 
       4.027006982784e+01       2.473538337942e-03 
       4.059144178082e+01       2.405576670225e-03 
       4.091281373381e+01       2.339498841003e-03 
       4.123418568680e+01       2.275448589555e-03 
       4.155555763980e+01       2.213532527455e-03 
       4.187692959280e+01       2.153795518127e-03 
       4.219830154580e+01       2.096190267690e-03 
       4.251967349880e+01       2.040680188448e-03 
       4.284104545181e+01       1.987149315738e-03 
       4.316241740482e+01       1.935505867390e-03 
       4.348378935783e+01       1.885652200815e-03 
       4.380516131085e+01       1.837481608458e-03 
       4.412653326386e+01       1.790884494665e-03 
       4.444790521688e+01       1.745734771909e-03 
       4.476927716990e+01       1.701917026709e-03 
       4.509064912293e+01       1.659322505369e-03 
       4.541202107595e+01       1.617847793652e-03 
       4.573339302898e+01       1.577442716593e-03 
       4.605476498201e+01       1.538092517210e-03 
       4.637613693505e+01       1.499774187115e-03 
       4.669750888808e+01       1.462480903927e-03 
       4.701888084112e+01       1.426221061491e-03 
       4.734025279416e+01       1.390990498979e-03 
       4.766162474720e+01       1.356774223725e-03 
       4.798299670024e+01       1.323570785557e-03 
       4.830436865329e+01       1.291384564054e-03 
       4.862574060633e+01       1.260212715438e-03 
       4.894711255938e+01       1.230043912916e-03 
       4.926848451243e+01       1.200862930854e-03 
       4.958985646548e+01       1.172634012436e-03 
       4.991122841854e+01       1.145307747730e-03 
       5.023260037159e+01       1.118839909886e-03 
       5.055397232465e+01       1.093176728646e-03 
       5.087534427771e+01       1.068280406393e-03 
       5.119671623077e+01       1.044112556317e-03 
       5.151808818383e+01       1.020645498174e-03 
       5.183946013689e+01       9.978533012071e-04 
       5.216083208996e+01       9.757054926771e-04 
       5.248220404302e+01       9.541799254650e-04 
       5.280357599609e+01       9.332481416760e-04 
       5.312494794916e+01       9.128975364971e-04 
       5.344631990223e+01       8.931140086386e-04 
       5.376769185530e+01       8.738935758856e-04 
       5.408906380838e+01       8.552249449866e-04 
       5.441043576145e+01       8.371017077422e-04 
       5.473180771453e+01       8.195096314086e-04 
       5.505317966761e+01       8.024328873246e-04 
       5.537455162068e+01       7.858541492514e-04 
       5.569592357376e+01       7.697551975616e-04 
       5.601729552684e+01       7.541208427147e-04 
       5.633866747993e+01       7.389401111594e-04 
       5.902670843198e+01       6.276410890382e-04 
       6.205850184901e+01       5.292681920915e-04 
       6.555431387601e+01       4.423990310425e-04 
       6.970852297514e+01       3.651292256580e-04 
       7.485855260492e+01       2.954535088590e-04 
       8.164193061341e+01       2.310465589215e-04 
       9.136762767634e+01       1.696055547777e-04 
       1.067160141509e+02       1.109266398001e-04 
       1.312019207148e+02       6.241646219631e-05 
       1.648744926125e+02       3.262356918166e-05 
       2.075587906241e+02       1.681394009141e-05 
       2.613010130192e+02       8.616344545482e-06 
       3.289584854047e+02       4.399989373760e-06 
       4.141341967013e+02       2.241982786412e-06 
       5.213640641202e+02       1.140836908914e-06 
       6.563584691172e+02       5.800266925019e-07 
       8.263063560180e+02       2.947430555219e-07 
