# Matter power spectrum P(k) at redshift z=0
# for k=0.000782008 to 65.9862 h/Mpc,
# number of wavenumbers equal to 534
#    1:k (h/Mpc)              2:P (Mpc/h)^3        
       7.820083848374e-04       1.273744294579e-04 
       6.177346143143e-03       1.006065224112e-03 
       1.871944193392e-02       3.046008367808e-03 
       3.155332575151e-02       5.125325288063e-03 
       4.441123299759e-02       7.196093534787e-03 
       5.727583737264e-02       9.252471261185e-03 
       7.014334856092e-02       1.129174065848e-02 
       8.301247785211e-02       1.331211915415e-02 
       9.588267201464e-02       1.531220219978e-02 
       1.087536567745e-01       1.729084222525e-02 
       1.216252825280e-01       1.924719865170e-02 
       1.344974622189e-01       2.118051684166e-02 
       1.473701430070e-01       2.309004457290e-02 
       1.602432920786e-01       2.497546960611e-02 
       1.731168889999e-01       2.683648778071e-02 
       1.859909213484e-01       2.867274685297e-02 
       1.988653820912e-01       3.048410265794e-02 
       2.117402679488e-01       3.227037652670e-02 
       2.246155783373e-01       3.403146296995e-02 
       2.374913146644e-01       3.576734329048e-02 
       2.503674798490e-01       3.747796873830e-02 
       2.632440779862e-01       3.916340617379e-02 
       2.761211141087e-01       4.082370056410e-02 
       2.889985940146e-01       4.245895703501e-02 
       3.018765241413e-01       4.406926864734e-02 
       3.147549114710e-01       4.565480420754e-02 
       3.276337634612e-01       4.721569670459e-02 
       3.405130879910e-01       4.875212211504e-02 
       3.533928933205e-01       5.026452895521e-02 
       3.662731880602e-01       5.175257869348e-02 
       3.791539811476e-01       5.321665317874e-02 
       3.920352818282e-01       5.465724538243e-02 
       4.049170996431e-01       5.607468092721e-02 
       4.177994444176e-01       5.746869019032e-02 
       4.306823262544e-01       5.883871389376e-02 
       4.435657555277e-01       6.018671326924e-02 
       4.564497428799e-01       6.151153134154e-02 
       4.693342992194e-01       6.281379795767e-02 
       4.822194357193e-01       6.409484145360e-02 
       4.951051638177e-01       6.535363853940e-02 
       5.079914952183e-01       6.659075344379e-02 
       5.208784418920e-01       6.780668935384e-02 
       5.337660160789e-01       6.900044273317e-02 
       5.466542302911e-01       7.017448662877e-02 
       5.595430973156e-01       7.132697724301e-02 
       5.724326302178e-01       7.245957225853e-02 
       5.853228423454e-01       7.357196734324e-02 
       5.982137473327e-01       7.466324444356e-02 
       6.111053591045e-01       7.573567140349e-02 
       6.239976918817e-01       7.678852411361e-02 
       6.368907601854e-01       7.782195133752e-02 
       6.497845788427e-01       7.883548913747e-02 
       6.626791629919e-01       7.983033813734e-02 
       6.755745280882e-01       8.080723742500e-02 
       6.884706899095e-01       8.176395715009e-02 
       7.013676645626e-01       8.270417812670e-02 
       7.142654684892e-01       8.362625846261e-02 
       7.271641184725e-01       8.452875601805e-02 
       7.400636316441e-01       8.541638203575e-02 
       7.529640254901e-01       8.628461113561e-02 
       7.658653178588e-01       8.713586946880e-02 
       7.787675269675e-01       8.797037958026e-02 
       7.916706714100e-01       8.878673350969e-02 
       8.045747701640e-01       8.958822865435e-02 
       8.174798425990e-01       9.037276299836e-02 
       8.303859084842e-01       9.114099656380e-02 
       8.432929879966e-01       9.189243124706e-02 
       8.562011017289e-01       9.262878973866e-02 
       8.691102706989e-01       9.334884794259e-02 
       8.820205163571e-01       9.405507373746e-02 
       8.949318605966e-01       9.474263719951e-02 
       9.078443257613e-01       9.541689825328e-02 
       9.207579346559e-01       9.607561787390e-02 
       9.336727105549e-01       9.671969765923e-02 
       9.465886772126e-01       9.735035823516e-02 
       9.595058588730e-01       9.796400438447e-02 
       9.724242802800e-01       9.856497920368e-02 
       9.853439666875e-01       9.915126753841e-02 
       9.982649438703e-01       9.972503355559e-02 
       1.011187238135e+00       1.002842629190e-01 
       1.024110876330e+00       1.008284742020e-01 
       1.037035885860e+00       1.013613209576e-01 
       1.049962294693e+00       1.018777746449e-01 
       1.062890131376e+00       1.023836466786e-01 
       1.075819425044e+00       1.028740241784e-01 
       1.088750205437e+00       1.033533574825e-01 
       1.101682502906e+00       1.038185745518e-01 
       1.114616348431e+00       1.042730517914e-01 
       1.127551773635e+00       1.047144069882e-01 
       1.140488810791e+00       1.051430273765e-01 
       1.153427492844e+00       1.055590759931e-01 
       1.166367853419e+00       1.059633458113e-01 
       1.179309926838e+00       1.063548021203e-01 
       1.192253748134e+00       1.067351231500e-01 
       1.205199353068e+00       1.071047657980e-01 
       1.218146778140e+00       1.074619719506e-01 
       1.231096060611e+00       1.078076685658e-01 
       1.244047238513e+00       1.081421437565e-01 
       1.257000350670e+00       1.084657937682e-01 
       1.269955436711e+00       1.087779916609e-01 
       1.282912537090e+00       1.090824675175e-01 
       1.295871693105e+00       1.093743591604e-01 
       1.308832946910e+00       1.096503352469e-01 
       1.321796341539e+00       1.099202854619e-01 
       1.334761920924e+00       1.101836030822e-01 
       1.347729729913e+00       1.104296034106e-01 
       1.360699814287e+00       1.106682701604e-01 
       1.373672220787e+00       1.108975382808e-01 
       1.386646997129e+00       1.111171641496e-01 
       1.399624192026e+00       1.113249506526e-01 
       1.412603855211e+00       1.115255619863e-01 
       1.425586037459e+00       1.117153391155e-01 
       1.438570790608e+00       1.118968225459e-01 
       1.451558167582e+00       1.120663674671e-01 
       1.464548222418e+00       1.122286309164e-01 
       1.477541010286e+00       1.123880583276e-01 
       1.490536587514e+00       1.125270341314e-01 
       1.503535011619e+00       1.126610576115e-01 
       1.516536341323e+00       1.127875651323e-01 
       1.529540636590e+00       1.129050745152e-01 
       1.542547958645e+00       1.130156971866e-01 
       1.555558370005e+00       1.131171765562e-01 
       1.568571934508e+00       1.132092467579e-01 
       1.581588717341e+00       1.132938308235e-01 
       1.594608785072e+00       1.133703916026e-01 
       1.607632205673e+00       1.134386263170e-01 
       1.620659048563e+00       1.134986561075e-01 
       1.633689384630e+00       1.135512761782e-01 
       1.646723286267e+00       1.135948390760e-01 
       1.659760827408e+00       1.136323057468e-01 
       1.672802083557e+00       1.136616258512e-01 
       1.685847131828e+00       1.136853895323e-01 
       1.698896050980e+00       1.136989730253e-01 
       1.711948921450e+00       1.137073132187e-01 
       1.725005825395e+00       1.137072117278e-01 
       1.738066846731e+00       1.137010317873e-01 
       1.751132071169e+00       1.136870416384e-01 
       1.764201586256e+00       1.136675241425e-01 
       1.777275481422e+00       1.136412369219e-01 
       1.790353848015e+00       1.136077660345e-01 
       1.803436779350e+00       1.135684757868e-01 
       1.816524370753e+00       1.135204748685e-01 
       1.829616719604e+00       1.134692331347e-01 
       1.842713925386e+00       1.134091827061e-01 
       1.855816089736e+00       1.133442661694e-01 
       1.868923316490e+00       1.132732310151e-01 
       1.882035711734e+00       1.131957658065e-01 
       1.895153383860e+00       1.131109142935e-01 
       1.908276443616e+00       1.130241495969e-01 
       1.921405004161e+00       1.129270533442e-01 
       1.934539181122e+00       1.128286407973e-01 
       1.947679092651e+00       1.127225995243e-01 
       1.960824859486e+00       1.126103874315e-01 
       1.973976605007e+00       1.124929305683e-01 
       1.987134455305e+00       1.123716671138e-01 
       2.000298539239e+00       1.122443410834e-01 
       2.013468988507e+00       1.121099105469e-01 
       2.026645937709e+00       1.119726560266e-01 
       2.039829524419e+00       1.118305549784e-01 
       2.053019889256e+00       1.116826547529e-01 
       2.066217175955e+00       1.115304568580e-01 
       2.079421531442e+00       1.113739491518e-01 
       2.092633105915e+00       1.112124655615e-01 
       2.105852052915e+00       1.110467676630e-01 
       2.119078529417e+00       1.108748256845e-01 
       2.132312695905e+00       1.107001008249e-01 
       2.145554716461e+00       1.105207913060e-01 
       2.158804758855e+00       1.103364092715e-01 
       2.172062994632e+00       1.101478983033e-01 
       2.185329599209e+00       1.099576950114e-01 
       2.198604751966e+00       1.097615129107e-01 
       2.211888636349e+00       1.095621506584e-01 
       2.225181439969e+00       1.093583079853e-01 
       2.238483354707e+00       1.091492752867e-01 
       2.251794576820e+00       1.089380492859e-01 
       2.265115307052e+00       1.087223043709e-01 
       2.278445750748e+00       1.085044132914e-01 
       2.291786117973e+00       1.082809852053e-01 
       2.305136623626e+00       1.080561724200e-01 
       2.318497487571e+00       1.078270372683e-01 
       2.331868934759e+00       1.075940559290e-01 
       2.345251195364e+00       1.073586906433e-01 
       2.358644504916e+00       1.071175759773e-01 
       2.372049104441e+00       1.068761638570e-01 
       2.385465240602e+00       1.066309529735e-01 
       2.398893165852e+00       1.063827866762e-01 
       2.412333138586e+00       1.061324850169e-01 
       2.425785423295e+00       1.058787545475e-01 
       2.439250290729e+00       1.056206977862e-01 
       2.452728018070e+00       1.053610118663e-01 
       2.466218889098e+00       1.050985206704e-01 
       2.479723194374e+00       1.048353464854e-01 
       2.493241231419e+00       1.045656504848e-01 
       2.506773304912e+00       1.042972867209e-01 
       2.520319726878e+00       1.040255261928e-01 
       2.533880816896e+00       1.037507256249e-01 
       2.547456902305e+00       1.034721728019e-01 
       2.561048318422e+00       1.031930733103e-01 
       2.574655408764e+00       1.029117365902e-01 
       2.588278525282e+00       1.026267961781e-01 
       2.601918028596e+00       1.023417941134e-01 
       2.615574288242e+00       1.020544782294e-01 
       2.629247682929e+00       1.017643136620e-01 
       2.642938600804e+00       1.014723165096e-01 
       2.656647439722e+00       1.011771289692e-01 
       2.670374607531e+00       1.008821691090e-01 
       2.684120522362e+00       1.005844828498e-01 
       2.697885612936e+00       1.002846791162e-01 
       2.711670318876e+00       9.998512822861e-02 
       2.725475091031e+00       9.968128993580e-02 
       2.739300391814e+00       9.937897975676e-02 
       2.753146695551e+00       9.907297623896e-02 
       2.767014488845e+00       9.876603143814e-02 
       2.780904270948e+00       9.845634198698e-02 
       2.794816554153e+00       9.814647113716e-02 
       2.808751864197e+00       9.783538066077e-02 
       2.822710740682e+00       9.752354210145e-02 
       2.836693737507e+00       9.720944758960e-02 
       2.850701423327e+00       9.689300994925e-02 
       2.864734382014e+00       9.657874252998e-02 
       2.878793213153e+00       9.625994463820e-02 
       2.892878532544e+00       9.594168101890e-02 
       2.906990972733e+00       9.562189164677e-02 
       2.921131183560e+00       9.530001323061e-02 
       2.935299832729e+00       9.497961417217e-02 
       2.949497606403e+00       9.465649625436e-02 
       2.963725209820e+00       9.433484663268e-02 
       2.977983367942e+00       9.400844845542e-02 
       2.992272826124e+00       9.368279467932e-02 
       3.006594350811e+00       9.335796800377e-02 
       3.020948730269e+00       9.303052225365e-02 
       3.035336775347e+00       9.270316851033e-02 
       3.049759320266e+00       9.237512909011e-02 
       3.064217223452e+00       9.204604475384e-02 
       3.078711368395e+00       9.171700511000e-02 
       3.093242664557e+00       9.138695526345e-02 
       3.107812048308e+00       9.105660729864e-02 
       3.122420483919e+00       9.072519861450e-02 
       3.137068964587e+00       9.039383630446e-02 
       3.151758513516e+00       9.006125924930e-02 
       3.166490185046e+00       8.972847719662e-02 
       3.181265065828e+00       8.939646642233e-02 
       3.196084276070e+00       8.906319484429e-02 
       3.210948970825e+00       8.872815207156e-02 
       3.225860341354e+00       8.839394364396e-02 
       3.240819616551e+00       8.805987409484e-02 
       3.255828064434e+00       8.772519718965e-02 
       3.270886993720e+00       8.739022501948e-02 
       3.285997755468e+00       8.705530777878e-02 
       3.301161744814e+00       8.671971370872e-02 
       3.316380402789e+00       8.638435490249e-02 
       3.331655218236e+00       8.604814843806e-02 
       3.346987729823e+00       8.571270256806e-02 
       3.362379528162e+00       8.537647446768e-02 
       3.377832258050e+00       8.504032648679e-02 
       3.393347620815e+00       8.470276783009e-02 
       3.408927376809e+00       8.436777068200e-02 
       3.424573348020e+00       8.403109398923e-02 
       3.440287420843e+00       8.369301150279e-02 
       3.456071549000e+00       8.335636748659e-02 
       3.471927756632e+00       8.302107181349e-02 
       3.487858141563e+00       8.268387822024e-02 
       3.503864878759e+00       8.234489027936e-02 
       3.519950223988e+00       8.200935855465e-02 
       3.536116517700e+00       8.167217948999e-02 
       3.552366189143e+00       8.133587888383e-02 
       3.568701760726e+00       8.099940311730e-02 
       3.585125852653e+00       8.066212587973e-02 
       3.601641187854e+00       8.032664353814e-02 
       3.618250597213e+00       7.998976820803e-02 
       3.634957025151e+00       7.965480499752e-02 
       3.651763535552e+00       7.931604666286e-02 
       3.668673318095e+00       7.898068525306e-02 
       3.685689694998e+00       7.864547000638e-02 
       3.702816128218e+00       7.830830293077e-02 
       3.720056227152e+00       7.797192505829e-02 
       3.737413756855e+00       7.763539828221e-02 
       3.754892646857e+00       7.729965533030e-02 
       3.772497000585e+00       7.696365551731e-02 
       3.790231105483e+00       7.662787366292e-02 
       3.808099443865e+00       7.629155218151e-02 
       3.826106704570e+00       7.595632476413e-02 
       3.844257795505e+00       7.562031715768e-02 
       3.862557857138e+00       7.528520134737e-02 
       3.881012277040e+00       7.494878184494e-02 
       3.899626705570e+00       7.461489174682e-02 
       3.918407072820e+00       7.427600794381e-02 
       3.937359606922e+00       7.394106196212e-02 
       3.956490853879e+00       7.360533985584e-02 
       3.975807699042e+00       7.326930248226e-02 
       3.995317390426e+00       7.293460197283e-02 
       4.015027564030e+00       7.259783935191e-02 
       4.034946271396e+00       7.226231396282e-02 
       4.055082009616e+00       7.192725541391e-02 
       4.075443754080e+00       7.158832881022e-02 
       4.096040994242e+00       7.125477578557e-02 
       4.116883772762e+00       7.091768211069e-02 
       4.137982728385e+00       7.057979529055e-02 
       4.159349143018e+00       7.024218601465e-02 
       4.180994993469e+00       6.990451845341e-02 
       4.202933008435e+00       6.956577396954e-02 
       4.225176731361e+00       6.922906978944e-02 
       4.247740589913e+00       6.888879161288e-02 
       4.270639972904e+00       6.854983221938e-02 
       4.293891315631e+00       6.821070840369e-02 
       4.317512194747e+00       6.787037145695e-02 
       4.341521433941e+00       6.752955680208e-02 
       4.365939221927e+00       6.718759301884e-02 
       4.390787244459e+00       6.684563829614e-02 
       4.416088832397e+00       6.650208358722e-02 
       4.441869128175e+00       6.615747266119e-02 
       4.468155273426e+00       6.581130801328e-02 
       4.494976621018e+00       6.546473985078e-02 
       4.522364975325e+00       6.511935131374e-02 
       4.550354865273e+00       6.477135655743e-02 
       4.578983855535e+00       6.441855707732e-02 
       4.608292902312e+00       6.406830276331e-02 
       4.638326761386e+00       6.371524201325e-02 
       4.669134457673e+00       6.335893554804e-02 
       4.700769827442e+00       6.299931199341e-02 
       4.733292146679e+00       6.263769633437e-02 
       4.766766862037e+00       6.227396772749e-02 
       4.801266444429e+00       6.191072765412e-02 
       4.836871389879e+00       6.154817043863e-02 
       4.873671397969e+00       6.117764641805e-02 
       4.911766765426e+00       6.079883397178e-02 
       4.951270041500e+00       6.042107445071e-02 
       4.992308003394e+00       6.003848682348e-02 
       5.035024024704e+00       5.965545982908e-02 
       5.079580928613e+00       5.925886574101e-02 
       5.126164441542e+00       5.886139194022e-02 
       5.174987393368e+00       5.845745754597e-02 
       5.226294848921e+00       5.805132680184e-02 
       5.280370403760e+00       5.762875154266e-02 
       5.337543936747e+00       5.720219068745e-02 
       5.398201182907e+00       5.676356272718e-02 
       5.462795569793e+00       5.631334863442e-02 
       5.531862839831e+00       5.584933074416e-02 
       5.606039036177e+00       5.536792042677e-02 
       5.686082408339e+00       5.486887323417e-02 
       5.772899588271e+00       5.434404240401e-02 
       5.867575786230e+00       5.379041133318e-02 
       5.971407366620e+00       5.319892944271e-02 
       6.085932313777e+00       5.256037880705e-02 
       6.212948772470e+00       5.186395812348e-02 
       6.354502929257e+00       5.108908542382e-02 
       6.512814966769e+00       5.021313001628e-02 
       6.690100120668e+00       4.921066797817e-02 
       6.888245876931e+00       4.804071602633e-02 
       7.108353888612e+00       4.667545493362e-02 
       7.350265506290e+00       4.508467385816e-02 
       7.612311887114e+00       4.326101610489e-02 
       7.891512509320e+00       4.122847250906e-02 
       8.184197716438e+00       3.903935948562e-02 
       8.486744817497e+00       3.677577645563e-02 
       8.796094198207e+00       3.452549109438e-02 
       9.109935130579e+00       3.237468612199e-02 
       9.426652926198e+00       3.039438972591e-02 
       9.745176464828e+00       2.863080195096e-02 
       1.006481877973e+01       2.711016688448e-02 
       1.038514860040e+01       2.583348061979e-02 
       1.070589876459e+01       2.478507275015e-02 
       1.102690512705e+01       2.393412389149e-02 
       1.134806734370e+01       2.324122855763e-02 
       1.166932426146e+01       2.265855905760e-02 
       1.199063868135e+01       2.214060839768e-02 
       1.231198800130e+01       2.164226121788e-02 
       1.263335849778e+01       2.112627727625e-02 
       1.295474184167e+01       2.056605109323e-02 
       1.327613297908e+01       1.994570055543e-02 
       1.359752884397e+01       1.926166282724e-02 
       1.391892757641e+01       1.852210804144e-02 
       1.424032804819e+01       1.774312108093e-02 
       1.456172957497e+01       1.694769230771e-02 
       1.488313174169e+01       1.615985117481e-02 
       1.520453429656e+01       1.540260372429e-02 
       1.552593708689e+01       1.469634004511e-02 
       1.584734002005e+01       1.405579227668e-02 
       1.616874303986e+01       1.348996071598e-02 
       1.649014611225e+01       1.300138415333e-02 
       1.681154921654e+01       1.258673311719e-02 
       1.713295234019e+01       1.223826034870e-02 
       1.745435547561e+01       1.194494961573e-02 
       1.777575861818e+01       1.169225843229e-02 
       1.809716176510e+01       1.146588259001e-02 
       1.841856491466e+01       1.125354048998e-02 
       1.873996806585e+01       1.104162647216e-02 
       1.906137121803e+01       1.081862118666e-02 
       1.938277437083e+01       1.057706800514e-02 
       1.970417752401e+01       1.031366052763e-02 
       2.002558067743e+01       1.002903799330e-02 
       2.034698383101e+01       9.726902733894e-03 
       2.066838698469e+01       9.413863522499e-03 
       2.098979013844e+01       9.097474174244e-03 
       2.131119329225e+01       8.786135960691e-03 
       2.163259644609e+01       8.486599482117e-03 
       2.195399959997e+01       8.204344978693e-03 
       2.227540275387e+01       7.943875315946e-03 
       2.259680590780e+01       7.706928150904e-03 
       2.291820906175e+01       7.495243796748e-03 
       2.323961221571e+01       7.307344601662e-03 
       2.356101536970e+01       7.141452615801e-03 
       2.388241852370e+01       6.994176842939e-03 
       2.420382167771e+01       6.861262816638e-03 
       2.452522483174e+01       6.737946368780e-03 
       2.484662798579e+01       6.619472993279e-03 
       2.516803113985e+01       6.501950110897e-03 
       2.548943429392e+01       6.382012197917e-03 
       2.581083744801e+01       6.257523087742e-03 
       2.613224060211e+01       6.127556859827e-03 
       2.645364375622e+01       5.992278192432e-03 
       2.677504691034e+01       5.852068455554e-03 
       2.709645006447e+01       5.708846228734e-03 
       2.741785321861e+01       5.564464935832e-03 
       2.773925637276e+01       5.421400805981e-03 
       2.806065952693e+01       5.282051613405e-03 
       2.838206268110e+01       5.148378133853e-03 
       2.870346583528e+01       5.022348012912e-03 
       2.902486898947e+01       4.904939265143e-03 
       2.934627214367e+01       4.796340388473e-03 
       2.966767529788e+01       4.696513523781e-03 
       2.998907845209e+01       4.604447459005e-03 
       3.031048160632e+01       4.519123666464e-03 
       3.063188476055e+01       4.439157891002e-03 
       3.095328791478e+01       4.363324315138e-03 
       3.127469106903e+01       4.290107693618e-03 
       3.159609422328e+01       4.218382159296e-03 
       3.191749737754e+01       4.146961183336e-03 
       3.223890053181e+01       4.075010350200e-03 
       3.256030368608e+01       4.002084206210e-03 
       3.288170684035e+01       3.927836243268e-03 
       3.320310999464e+01       3.852732187016e-03 
       3.352451314893e+01       3.777094497017e-03 
       3.384591630322e+01       3.701728423404e-03 
       3.416731945752e+01       3.627158117734e-03 
       3.448872261183e+01       3.554184812153e-03 
       3.481012576614e+01       3.483415536598e-03 
       3.513152892045e+01       3.415098152381e-03 
       3.545293207477e+01       3.349820841057e-03 
       3.577433522910e+01       3.287685051124e-03 
       3.609573838343e+01       3.228825972490e-03 
       3.641714153776e+01       3.173039814310e-03 
       3.673854469210e+01       3.120065110068e-03 
       3.705994784644e+01       3.069558485844e-03 
       3.738135100079e+01       3.021004708562e-03 
       3.770275415514e+01       2.973719495761e-03 
       3.802415730949e+01       2.927519970848e-03 
       3.834556046385e+01       2.881896506624e-03 
       3.866696361822e+01       2.836674337611e-03 
       3.898836677258e+01       2.791746984060e-03 
       3.930976992695e+01       2.747051545042e-03 
       3.963117308132e+01       2.702497453650e-03 
       3.995257623570e+01       2.658208438105e-03 
       4.027397939008e+01       2.614295452514e-03 
       4.059538254446e+01       2.570867420514e-03 
       4.091678569885e+01       2.528196772959e-03 
       4.123818885324e+01       2.486429728644e-03 
       4.155959200763e+01       2.445826966090e-03 
       4.188099516202e+01       2.406414103009e-03 
       4.220239831642e+01       2.368258367091e-03 
       4.252380147082e+01       2.331358885746e-03 
       4.284520462522e+01       2.295661610161e-03 
       4.316660777963e+01       2.261115218999e-03 
       4.348801093404e+01       2.227639939143e-03 
       4.380941408845e+01       2.195164245947e-03 
       4.413081724286e+01       2.163589186781e-03 
       4.445222039728e+01       2.132792243924e-03 
       4.477362355170e+01       2.102620727797e-03 
       4.509502670612e+01       2.072981875229e-03 
       4.541642986054e+01       2.043734820187e-03 
       4.573783301496e+01       2.014817125232e-03 
       4.605923616939e+01       1.986227820513e-03 
       4.638063932382e+01       1.957955895185e-03 
       4.670204247825e+01       1.930054818958e-03 
       4.702344563268e+01       1.902522129286e-03 
       4.734484878712e+01       1.875399881086e-03 
       4.766625194156e+01       1.848726011614e-03 
       4.798765509600e+01       1.822518352451e-03 
       4.830905825044e+01       1.796840782648e-03 
       4.863046140488e+01       1.771744287324e-03 
       4.895186455933e+01       1.747270309583e-03 
       4.927326771377e+01       1.723440571984e-03 
       4.959467086822e+01       1.700245506784e-03 
       4.991607402267e+01       1.677643100385e-03 
       5.023747717712e+01       1.655578902584e-03 
       5.055888033158e+01       1.633991660672e-03 
       5.088028348603e+01       1.612835089807e-03 
       5.120168664049e+01       1.592070621043e-03 
       5.152308979495e+01       1.571670658826e-03 
       5.184449294941e+01       1.551609190936e-03 
       5.216589610387e+01       1.531844296076e-03 
       5.248729925833e+01       1.512371434237e-03 
       5.280870241280e+01       1.493152567944e-03 
       5.313010556726e+01       1.474194738941e-03 
       5.345150872173e+01       1.455479445150e-03 
       5.377291187620e+01       1.437042659212e-03 
       5.409431503067e+01       1.418911576031e-03 
       5.441571818514e+01       1.401108909378e-03 
       5.473712133961e+01       1.383640323819e-03 
       5.505852449408e+01       1.366497114286e-03 
       5.537992764856e+01       1.349678078657e-03 
       5.570133080303e+01       1.333169830602e-03 
       5.602273395751e+01       1.316965831869e-03 
       5.634413711199e+01       1.301078928780e-03 
       5.666554026647e+01       1.285495589324e-03 
       5.698694342095e+01       1.270215716160e-03 
       5.730834657543e+01       1.255222280933e-03 
       5.762974972992e+01       1.240493324839e-03 
       5.795115288440e+01       1.226002043699e-03 
       5.827255603888e+01       1.211730729638e-03 
       5.859395919337e+01       1.197670362855e-03 
       5.891536234786e+01       1.183818951841e-03 
       5.923676550235e+01       1.170180867498e-03 
       5.955816865684e+01       1.156754391919e-03 
       5.987957181133e+01       1.143532811687e-03 
       6.020097496582e+01       1.130507842084e-03 
       6.052237812031e+01       1.117667014753e-03 
       6.084378127480e+01       1.105008916630e-03 
       6.116518442930e+01       1.092535061334e-03 
       6.148658758379e+01       1.080256145968e-03 
       6.180799073829e+01       1.068182846377e-03 
       6.212939389278e+01       1.056317159535e-03 
       6.245079704728e+01       1.044655286754e-03 
       6.277220020178e+01       1.033188418251e-03 
       6.309360335628e+01       1.021901590970e-03 
       6.341500651078e+01       1.010789522207e-03 
       6.373640966528e+01       9.998477436728e-04 
       6.405781281978e+01       9.890769315736e-04 
       6.437921597429e+01       9.784777198216e-04 
       6.470061912879e+01       9.680481820677e-04 
       6.502202228329e+01       9.577797015617e-04 
       6.534342543780e+01       9.476604592909e-04 
       6.566482859230e+01       9.376794198116e-04 
       6.598623174681e+01       9.278306746948e-04 
