# Matter power spectrum P(k) at redshift z=1.5
# for k=0.000782008 to 826.306 h/Mpc,
# number of wavenumbers equal to 521
#    1:k (h/Mpc)              2:P (Mpc/h)^3        
       7.820083848374e-04       1.050978265918e-05 
       6.176822371528e-03       7.672121083569e-05 
       1.871764651806e-02       2.227151809616e-04 
       3.155027742853e-02       3.675018371211e-04 
       4.440693395037e-02       5.095264884831e-04 
       5.727028818301e-02       6.490753375408e-04 
       7.013654944960e-02       7.862997339176e-04 
       8.300442891518e-02       9.212797368483e-04 
       9.587337329377e-02       1.054067403638e-03 
       1.087431082837e-01       1.184704553609e-03 
       1.216134842655e-01       1.313228417869e-03 
       1.344844141732e-01       1.439672523191e-03 
       1.473558451604e-01       1.564050103848e-03 
       1.602277444086e-01       1.686400841807e-03 
       1.731000914808e-01       1.806747899380e-03 
       1.859728739519e-01       1.925111635934e-03 
       1.988460847869e-01       2.041511725387e-03 
       2.117197207044e-01       2.155967845380e-03 
       2.245937811191e-01       2.268500112475e-03 
       2.374682674373e-01       2.379129145938e-03 
       2.503431825766e-01       2.487875778423e-03 
       2.632185306308e-01       2.594761303778e-03 
       2.760943166317e-01       2.699807013250e-03 
       2.889705463762e-01       2.803034772315e-03 
       3.018472263006e-01       2.904466361921e-03 
       3.147243633863e-01       3.004124210152e-03 
       3.276019650894e-01       3.102030859206e-03 
       3.404800392882e-01       3.198208682038e-03 
       3.533585942418e-01       3.292680649367e-03 
       3.662376385597e-01       3.385468752723e-03 
       3.791171811782e-01       3.476595386998e-03 
       3.919972313420e-01       3.566082595222e-03 
       4.048777985909e-01       3.653951934772e-03 
       4.177588927494e-01       3.740224658841e-03 
       4.306405239188e-01       3.824922953622e-03 
       4.435227024726e-01       3.908066486876e-03 
       4.564054390518e-01       3.989677180583e-03 
       4.692887445638e-01       4.069775199490e-03 
       4.821726301805e-01       4.148380920828e-03 
       4.950571073389e-01       4.225513920133e-03 
       5.079421877415e-01       4.301194604049e-03 
       5.208278833580e-01       4.375444234839e-03 
       5.337142064273e-01       4.448279550849e-03 
       5.466011694602e-01       4.519721257736e-03 
       5.594887852423e-01       4.589789793097e-03 
       5.723770668380e-01       4.658501726814e-03 
       5.852660275935e-01       4.725877344987e-03 
       5.981556811417e-01       4.791934870300e-03 
       6.110460414062e-01       4.856691271402e-03 
       6.239371226064e-01       4.920164756342e-03 
       6.368289392619e-01       4.982372283371e-03 
       6.497215061985e-01       5.043330019056e-03 
       6.626148385529e-01       5.103052590613e-03 
       6.755089517789e-01       5.161583385671e-03 
       6.884038616527e-01       5.219046036445e-03 
       7.012995842796e-01       5.275185153045e-03 
       7.141961360997e-01       5.330148227764e-03 
       7.270935338946e-01       5.383955901860e-03 
       7.399917947941e-01       5.436618330826e-03 
       7.528909362828e-01       5.488155738928e-03 
       7.657909762070e-01       5.538562781595e-03 
       7.786919327825e-01       5.587905344766e-03 
       7.915938246010e-01       5.636162957021e-03 
       8.044966706386e-01       5.683357639246e-03 
       8.174004902629e-01       5.729502256365e-03 
       8.303053032410e-01       5.774609694011e-03 
       8.432111297479e-01       5.818692840308e-03 
       8.561179903746e-01       5.861769392050e-03 
       8.690259061366e-01       5.903846937685e-03 
       8.819348984825e-01       5.944940156883e-03 
       8.948449893030e-01       5.985062257238e-03 
       9.077562009401e-01       6.024227286228e-03 
       9.206685561960e-01       6.062444916203e-03 
       9.335820783433e-01       6.099729948957e-03 
       9.464967911337e-01       6.136082659825e-03 
       9.594127188090e-01       6.171520841365e-03 
       9.723298861106e-01       6.206070646824e-03 
       9.852483182900e-01       6.239722548221e-03 
       9.981680411194e-01       6.272492546587e-03 
       1.011089080903e+00       6.304403097319e-03 
       1.024011464487e+00       6.335454591822e-03 
       1.036935219272e+00       6.365661441286e-03 
       1.049860373225e+00       6.395062224856e-03 
       1.062786954889e+00       6.423579881965e-03 
       1.075714993397e+00       6.451362207086e-03 
       1.088644518485e+00       6.478253382981e-03 
       1.101575560502e+00       6.504419946212e-03 
       1.114508150426e+00       6.529793882515e-03 
       1.127442319874e+00       6.554391948600e-03 
       1.140378101119e+00       6.578150790012e-03 
       1.153315527101e+00       6.601225148010e-03 
       1.166254631441e+00       6.623581482942e-03 
       1.179195448460e+00       6.645119236737e-03 
       1.192138013186e+00       6.665987909963e-03 
       1.205082361376e+00       6.686111808271e-03 
       1.218028529529e+00       6.705539137560e-03 
       1.230976554900e+00       6.724271990289e-03 
       1.243926475519e+00       6.742309810012e-03 
       1.256878330203e+00       6.759664330873e-03 
       1.269832158581e+00       6.776352934531e-03 
       1.282788001102e+00       6.792365009878e-03 
       1.295745899058e+00       6.807724224536e-03 
       1.308705894601e+00       6.822435902050e-03 
       1.321668030761e+00       6.836510218708e-03 
       1.334632351465e+00       6.849953832327e-03 
       1.347598901555e+00       6.862759548497e-03 
       1.360567726811e+00       6.874995456510e-03 
       1.373538873967e+00       6.886545767157e-03 
       1.386512390734e+00       6.897541906951e-03 
       1.399488325822e+00       6.907931063895e-03 
       1.412466728959e+00       6.917740293329e-03 
       1.425447650914e+00       6.926971056018e-03 
       1.438431143520e+00       6.935634323718e-03 
       1.451417259697e+00       6.943736014122e-03 
       1.464406053476e+00       6.951274059402e-03 
       1.477397580021e+00       6.958265133852e-03 
       1.490391895657e+00       6.964712713019e-03 
       1.503389057892e+00       6.970632277193e-03 
       1.516389125445e+00       6.976029360958e-03 
       1.529392158272e+00       6.980891994360e-03 
       1.542398217594e+00       6.985298835443e-03 
       1.555407365921e+00       6.989110966936e-03 
       1.568419667085e+00       6.992467479223e-03 
       1.581435186267e+00       6.995405490082e-03 
       1.594453990027e+00       6.997716394248e-03 
       1.607476146334e+00       6.999605460124e-03 
       1.620501724596e+00       7.001074202940e-03 
       1.633530795696e+00       7.001996278445e-03 
       1.646563432020e+00       7.002486501246e-03 
       1.659599707494e+00       7.002534352710e-03 
       1.672639697616e+00       7.002191451127e-03 
       1.685683479493e+00       7.001346446909e-03 
       1.698731131874e+00       7.000022015194e-03 
       1.711782735190e+00       6.998364951330e-03 
       1.724838371590e+00       6.996195542402e-03 
       1.737898124980e+00       6.993723887861e-03 
       1.750962081064e+00       6.990753657929e-03 
       1.764030327382e+00       6.987346168975e-03 
       1.777102953353e+00       6.983601206335e-03 
       1.790180050317e+00       6.979445770722e-03 
       1.803261711581e+00       6.974994760962e-03 
       1.816348032459e+00       6.970017128872e-03 
       1.829439110324e+00       6.964791337988e-03 
       1.842535044649e+00       6.959082719268e-03 
       1.855635937060e+00       6.953064478845e-03 
       1.868741891384e+00       6.946684482245e-03 
       1.881853013696e+00       6.939959486479e-03 
       1.894969412378e+00       6.932890144304e-03 
       1.908091198167e+00       6.925483245006e-03 
       1.921218484211e+00       6.917736350413e-03 
       1.934351386125e+00       6.909659281376e-03 
       1.947490022052e+00       6.901263962013e-03 
       1.960634512716e+00       6.892542825443e-03 
       1.973784981486e+00       6.883522481064e-03 
       1.986941554440e+00       6.874180471647e-03 
       2.000104360425e+00       6.864532722994e-03 
       2.013273531126e+00       6.854591371687e-03 
       2.026449201130e+00       6.844357580762e-03 
       2.039631507998e+00       6.833827227124e-03 
       2.052820592335e+00       6.823025023040e-03 
       2.066016597861e+00       6.811936940304e-03 
       2.079219671491e+00       6.800590877663e-03 
       2.092429963405e+00       6.788957409326e-03 
       2.105647627131e+00       6.777054558304e-03 
       2.118872819628e+00       6.764910577208e-03 
       2.132105701363e+00       6.752502991448e-03 
       2.145346436406e+00       6.739864394275e-03 
       2.158595192507e+00       6.726972697461e-03 
       2.171852141196e+00       6.713815006443e-03 
       2.185117457873e+00       6.700455327633e-03 
       2.198391321900e+00       6.686848115739e-03 
       2.211673916706e+00       6.673019757269e-03 
       2.224965429883e+00       6.658960015244e-03 
       2.238266053293e+00       6.644694473875e-03 
       2.251575983174e+00       6.630232727057e-03 
       2.264895420252e+00       6.615526129977e-03 
       2.278224569852e+00       6.600650451404e-03 
       2.291563642016e+00       6.585549464403e-03 
       2.304912851625e+00       6.570246612922e-03 
       2.318272418520e+00       6.554814818560e-03 
       2.331642567632e+00       6.539123244140e-03 
       2.345023529111e+00       6.523244990489e-03 
       2.358415538464e+00       6.507218128895e-03 
       2.371818836693e+00       6.491010958121e-03 
       2.385233670439e+00       6.474648743501e-03 
       2.398660292131e+00       6.458087882356e-03 
       2.412098960136e+00       6.441386747927e-03 
       2.425549938921e+00       6.424535565268e-03 
       2.439013499211e+00       6.407485502531e-03 
       2.452489918159e+00       6.390311196414e-03 
       2.465979479518e+00       6.372982514278e-03 
       2.479482473821e+00       6.355516008185e-03 
       2.492999198560e+00       6.337886527052e-03 
       2.506529958385e+00       6.320161058551e-03 
       2.520075065290e+00       6.302280075078e-03 
       2.533634838823e+00       6.284239233171e-03 
       2.547209606292e+00       6.266094948125e-03 
       2.560799702980e+00       6.247859141881e-03 
       2.574405472373e+00       6.229446771061e-03 
       2.588027266386e+00       6.210947989723e-03 
       2.601665445603e+00       6.192319614520e-03 
       2.615320379526e+00       6.173593160953e-03 
       2.628992446828e+00       6.154769241235e-03 
       2.642682035617e+00       6.135859626950e-03 
       2.656389543709e+00       6.116793830731e-03 
       2.670115378912e+00       6.097658996110e-03 
       2.683859959318e+00       6.078437784319e-03 
       2.697623713606e+00       6.059082389154e-03 
       2.711407081356e+00       6.039681568885e-03 
       2.725210513372e+00       6.020196563444e-03 
       2.739034472025e+00       6.000589797567e-03 
       2.752879431593e+00       5.980917330425e-03 
       2.766745878632e+00       5.961191506308e-03 
       2.780634312346e+00       5.941379495008e-03 
       2.794545244977e+00       5.921494776576e-03 
       2.808479202212e+00       5.901548306855e-03 
       2.822436723601e+00       5.881517302262e-03 
       2.836418362989e+00       5.861431834124e-03 
       2.850424688975e+00       5.841301825664e-03 
       2.864456285375e+00       5.821165289256e-03 
       2.878513751715e+00       5.800816397114e-03 
       2.892597703737e+00       5.780495230980e-03 
       2.906708773924e+00       5.760126849432e-03 
       2.920847612054e+00       5.739713394144e-03 
       2.935014885766e+00       5.719242315690e-03 
       2.949211281154e+00       5.698791864914e-03 
       2.963437503391e+00       5.678220309101e-03 
       2.977694277368e+00       5.657648047105e-03 
       2.991982348365e+00       5.637022908287e-03 
       3.006302482755e+00       5.616342459772e-03 
       3.020655468728e+00       5.595621924505e-03 
       3.035042117052e+00       5.574889020669e-03 
       3.049463261869e+00       5.554125785234e-03 
       3.063919761521e+00       5.533323422910e-03 
       3.078412499413e+00       5.512511610197e-03 
       3.092942384916e+00       5.491658079738e-03 
       3.107510354312e+00       5.470764806525e-03 
       3.122117371778e+00       5.449905193460e-03 
       3.136764430413e+00       5.429000553871e-03 
       3.151452553324e+00       5.408040105159e-03 
       3.166182794746e+00       5.387087612701e-03 
       3.180956241227e+00       5.366162461122e-03 
       3.195774012865e+00       5.345176733254e-03 
       3.210637264601e+00       5.324188949043e-03 
       3.225547187580e+00       5.303198456459e-03 
       3.240505010578e+00       5.282176802295e-03 
       3.255512001489e+00       5.261173411308e-03 
       3.270569468902e+00       5.240172026721e-03 
       3.285678763747e+00       5.219158541043e-03 
       3.300841281023e+00       5.198132558194e-03 
       3.316058461622e+00       5.177102613492e-03 
       3.331331794243e+00       5.156083583322e-03 
       3.346662817402e+00       5.135052147316e-03 
       3.362053121560e+00       5.114010647212e-03 
       3.377504351352e+00       5.092987309859e-03 
       3.393018207942e+00       5.071975168075e-03 
       3.408596451511e+00       5.050943614285e-03 
       3.424240903869e+00       5.029969010305e-03 
       3.439953451229e+00       5.008947579722e-03 
       3.455736047124e+00       4.987931563236e-03 
       3.471590715498e+00       4.966949927602e-03 
       3.487519553971e+00       4.945946299254e-03 
       3.503524737298e+00       4.924973946423e-03 
       3.519608521028e+00       4.903979128378e-03 
       3.535773245384e+00       4.883023596178e-03 
       3.552021339378e+00       4.862080373071e-03 
       3.568355325174e+00       4.841129542293e-03 
       3.584777822724e+00       4.820192578782e-03 
       3.601291554689e+00       4.799256437533e-03 
       3.617899351683e+00       4.778349564771e-03 
       3.634604157838e+00       4.757436104887e-03 
       3.651409036743e+00       4.736558835246e-03 
       3.668317177766e+00       4.715657007830e-03 
       3.685331902803e+00       4.694800039357e-03 
       3.702456673475e+00       4.673931044167e-03 
       3.719695098828e+00       4.653094999141e-03 
       3.737050943554e+00       4.632252260558e-03 
       3.754528136797e+00       4.611432264117e-03 
       3.772130781590e+00       4.590617057316e-03 
       3.789863164960e+00       4.569819630227e-03 
       3.807729768784e+00       4.549023511647e-03 
       3.825735281448e+00       4.528219397780e-03 
       3.843884610382e+00       4.507463891918e-03 
       3.862182895556e+00       4.486697970228e-03 
       3.880635524016e+00       4.465920988352e-03 
       3.899248145574e+00       4.445170582372e-03 
       3.918026689747e+00       4.424412747560e-03 
       3.936977384061e+00       4.403671908799e-03 
       3.956106773885e+00       4.382921456580e-03 
       3.975421743902e+00       4.362187906737e-03 
       3.994929541422e+00       4.341443779753e-03 
       4.014637801705e+00       4.320698385025e-03 
       4.034554575509e+00       4.299973461009e-03 
       4.054688359104e+00       4.279217910935e-03 
       4.075048127008e+00       4.258472857402e-03 
       4.095643367754e+00       4.237711464834e-03 
       4.116484123026e+00       4.216936406179e-03 
       4.137581030539e+00       4.196169538561e-03 
       4.158945371104e+00       4.175367470995e-03 
       4.180589120367e+00       4.154576707261e-03 
       4.202525005789e+00       4.133748058020e-03 
       4.224766569501e+00       4.112893650919e-03 
       4.247328237770e+00       4.092031543490e-03 
       4.270225397914e+00       4.071135995738e-03 
       4.293474483636e+00       4.050206036963e-03 
       4.317093069884e+00       4.029245730087e-03 
       4.341099978519e+00       4.008246859876e-03 
       4.365515396296e+00       3.987198834665e-03 
       4.390361006866e+00       3.966121276722e-03 
       4.415660138824e+00       3.944972602903e-03 
       4.441437932165e+00       3.923781995148e-03 
       4.467721525887e+00       3.902520902643e-03 
       4.494540270010e+00       3.881207839765e-03 
       4.521925965824e+00       3.859788143056e-03 
       4.549913138903e+00       3.838313377459e-03 
       4.578539350275e+00       3.816749327405e-03 
       4.607845552168e+00       3.795082180357e-03 
       4.637876496019e+00       3.773310681593e-03 
       4.668681201991e+00       3.751416803755e-03 
       4.700313501127e+00       3.729413794702e-03 
       4.732832663662e+00       3.707260695529e-03 
       4.766304129900e+00       3.684996944067e-03 
       4.800800363723e+00       3.662497050749e-03 
       4.836401853344e+00       3.639866486968e-03 
       4.873198289646e+00       3.617044118820e-03 
       4.911289959622e+00       3.593983615247e-03 
       4.950789401605e+00       3.570713345062e-03 
       4.991823380500e+00       3.547180358754e-03 
       5.034535255993e+00       3.523330927197e-03 
       5.079087835474e+00       3.499182696983e-03 
       5.125666827347e+00       3.474667387095e-03 
       5.174485040846e+00       3.449809352835e-03 
       5.225787517028e+00       3.424395262465e-03 
       5.279857823947e+00       3.398528259630e-03 
       5.337025808469e+00       3.372111682800e-03 
       5.397677168207e+00       3.345026353692e-03 
       5.462265286737e+00       3.317182885865e-03 
       5.531325854531e+00       3.288452838987e-03 
       5.605494853058e+00       3.258682978679e-03 
       5.685530458295e+00       3.227681095535e-03 
       5.772339214273e+00       3.195174510807e-03 
       5.867006226008e+00       3.160842278989e-03 
       5.970827732187e+00       3.124244473363e-03 
       6.085341567982e+00       3.084805701779e-03 
       6.212345703750e+00       3.041745046449e-03 
       6.353886127536e+00       2.994045928132e-03 
       6.512182806499e+00       2.940382133588e-03 
       6.689450761170e+00       2.879135293137e-03 
       6.887577293982e+00       2.808307147414e-03 
       7.107663950452e+00       2.726093427035e-03 
       7.349552095740e+00       2.631057385996e-03 
       7.611573048151e+00       2.522975980537e-03 
       7.890746574670e+00       2.403282232579e-03 
       8.183403374897e+00       2.275270246286e-03 
       8.485921109752e+00       2.143514523475e-03 
       8.795240462370e+00       2.013144323462e-03 
       9.109050929511e+00       1.888970573205e-03 
       9.425737979870e+00       1.774844515672e-03 
       9.744230597455e+00       1.673364707389e-03 
       1.006384188239e+01       1.585812338659e-03 
       1.038414060617e+01       1.512212463800e-03 
       1.070485963254e+01       1.451557741958e-03 
       1.102583483223e+01       1.402054797207e-03 
       1.134696587094e+01       1.361399799007e-03 
       1.166819160154e+01       1.327002741506e-03 
       1.198947482868e+01       1.296231797226e-03 
       1.231079295247e+01       1.266669473878e-03 
       1.263213225074e+01       1.236285115679e-03 
       1.295348439515e+01       1.203595220677e-03 
       1.327484433234e+01       1.167752349040e-03 
       1.359620899655e+01       1.128632882414e-03 
       1.391757652802e+01       1.086679648008e-03 
       1.423894579866e+01       1.042800614321e-03 
       1.456031612421e+01       9.981887414975e-04 
       1.488168708962e+01       9.541531485912e-04 
       1.520305844316e+01       9.119379167866e-04 
       1.552443003212e+01       8.725949133889e-04 
       1.584580176391e+01       8.369055850324e-04 
       1.616717358234e+01       8.053191345546e-04 
       1.648854545333e+01       7.779282246596e-04 
       1.680991735623e+01       7.545629943355e-04 
       1.713128927849e+01       7.347905294310e-04 
       1.745266121252e+01       7.179809073287e-04 
       1.777403315369e+01       7.033655940935e-04 
       1.809540509921e+01       6.901969065652e-04 
       1.841677704738e+01       6.777874609947e-04 
       1.873814899717e+01       6.654589425334e-04 
       1.905952094796e+01       6.525820899139e-04 
       1.938089289936e+01       6.387871181143e-04 
       1.970226485114e+01       6.239022125764e-04 
       2.002363680316e+01       6.079552468359e-04 
       2.034500875535e+01       5.911592219072e-04 
       2.066638070763e+01       5.738553243898e-04 
       2.098775265999e+01       5.564428221461e-04 
       2.130912461240e+01       5.393432608517e-04 
       2.163049656485e+01       5.228995412412e-04 
       2.195186851733e+01       5.074077104061e-04 
       2.227324046983e+01       4.930814918989e-04 
       2.259461242236e+01       4.800165540651e-04 
       2.291598437491e+01       4.682763773721e-04 
       2.323735632748e+01       4.577933284512e-04 
       2.355872828007e+01       4.484716832662e-04 
       2.388010023267e+01       4.401273589381e-04 
       2.420147218529e+01       4.325385938834e-04 
       2.452284413793e+01       4.254584327641e-04 
       2.484421609058e+01       4.186500801361e-04 
       2.516558804324e+01       4.119078490589e-04 
       2.548695999592e+01       4.050610282720e-04 
       2.580833194861e+01       3.980125994466e-04 
       2.612970390131e+01       3.907110661712e-04 
       2.645107585402e+01       3.831543540451e-04 
       2.677244780675e+01       3.753864673851e-04 
       2.709381975948e+01       3.674830042191e-04 
       2.741519171223e+01       3.595469276922e-04 
       2.773656366498e+01       3.517006778461e-04 
       2.805793561775e+01       3.440578128738e-04 
       2.837930757053e+01       3.367293888372e-04 
       2.870067952331e+01       3.297989572730e-04 
       2.902205147611e+01       3.233165541430e-04 
       2.934342342891e+01       3.172985493097e-04 
       2.966479538172e+01       3.117275093718e-04 
       2.998616733454e+01       3.065614121428e-04 
       3.030753928736e+01       3.017432108433e-04 
       3.062891124020e+01       2.972068877602e-04 
       3.095028319304e+01       2.928849636349e-04 
       3.127165514589e+01       2.887085942142e-04 
       3.159302709874e+01       2.846151347297e-04 
       3.191439905161e+01       2.805495442372e-04 
       3.223577100448e+01       2.764693739259e-04 
       3.255714295735e+01       2.723504884382e-04 
       3.287851491023e+01       2.681849844032e-04 
       3.319988686312e+01       2.639840109457e-04 
       3.352125881601e+01       2.597727780847e-04 
       3.384263076891e+01       2.555835506467e-04 
       3.416400272181e+01       2.514497982143e-04 
       3.448537467472e+01       2.474024446491e-04 
       3.480674662764e+01       2.434703546345e-04 
       3.512811858055e+01       2.396758298692e-04 
       3.544949053348e+01       2.360350039132e-04 
       3.577086248641e+01       2.325574929168e-04 
       3.609223443934e+01       2.292469828349e-04 
       3.641360639228e+01       2.260963743891e-04 
       3.673497834522e+01       2.230920124175e-04 
       3.705635029817e+01       2.202119347326e-04 
       3.737772225112e+01       2.174321625902e-04 
       3.769909420407e+01       2.147282925167e-04 
       3.802046615703e+01       2.120780708164e-04 
       3.834183810999e+01       2.094663097085e-04 
       3.866321006296e+01       2.068813321380e-04 
       3.898458201593e+01       2.043164350929e-04 
       3.930595396890e+01       2.017690298396e-04 
       3.962732592187e+01       1.992371244599e-04 
       3.994869787485e+01       1.967249823121e-04 
       4.027006982784e+01       1.942358551747e-04 
       4.059144178082e+01       1.917789697313e-04 
       4.091281373381e+01       1.893633443006e-04 
       4.123418568680e+01       1.869992427927e-04 
       4.155555763980e+01       1.846942563301e-04 
       4.187692959280e+01       1.824536761923e-04 
       4.219830154580e+01       1.802783615264e-04 
       4.251967349880e+01       1.781685406486e-04 
       4.284104545181e+01       1.761216456123e-04 
       4.316241740482e+01       1.741340176437e-04 
       4.348378935783e+01       1.722029029110e-04 
       4.380516131085e+01       1.703239027436e-04 
       4.412653326386e+01       1.684926336042e-04 
       4.444790521688e+01       1.667026885406e-04 
       4.476927716990e+01       1.649482071744e-04 
       4.509064912293e+01       1.632221348277e-04 
       4.541202107595e+01       1.615191169063e-04 
       4.573339302898e+01       1.598369497639e-04 
       4.605476498201e+01       1.581744472392e-04 
       4.637613693505e+01       1.565312343465e-04 
       4.669750888808e+01       1.549096969838e-04 
       4.701888084112e+01       1.533097099216e-04 
       4.734025279416e+01       1.517336173202e-04 
       4.766162474720e+01       1.501822835260e-04 
       4.798299670024e+01       1.486574119476e-04 
       4.830436865329e+01       1.471610695622e-04 
       4.862574060633e+01       1.456956428635e-04 
       4.894711255938e+01       1.442629778911e-04 
       4.926848451243e+01       1.428643045725e-04 
       4.958985646548e+01       1.414984103988e-04 
       4.991122841854e+01       1.401633381883e-04 
       5.023260037159e+01       1.388569095676e-04 
       5.055397232465e+01       1.375760663715e-04 
       5.087534427771e+01       1.363183750675e-04 
       5.119671623077e+01       1.350823363141e-04 
       5.151808818383e+01       1.338664039980e-04 
       5.183946013689e+01       1.326692661026e-04 
       5.216083208996e+01       1.314895764288e-04 
       5.248220404302e+01       1.303258127181e-04 
       5.280357599609e+01       1.291769242037e-04 
       5.312494794916e+01       1.280424309327e-04 
       5.344631990223e+01       1.269227107932e-04 
       5.376769185530e+01       1.258189999607e-04 
       5.408906380838e+01       1.247319823153e-04 
       5.441043576145e+01       1.236624495373e-04 
       5.473180771453e+01       1.226113226736e-04 
       5.505317966761e+01       1.215778228936e-04 
       5.537455162068e+01       1.205618601279e-04 
       5.569592357376e+01       1.195627797777e-04 
       5.601729552684e+01       1.185801532806e-04 
       5.633866747993e+01       1.176145015867e-04 
       5.902670843198e+01       1.101150590275e-04 
       6.205850184901e+01       1.026453630982e-04 
       6.555431387601e+01       9.517446784331e-05 
       6.970852297514e+01       8.754809190883e-05 
       7.485855260492e+01       7.960460683864e-05 
       8.164193061341e+01       7.106446395577e-05 
       9.136762767634e+01       6.153779849163e-05 
       1.067160141509e+02       5.070078940311e-05 
       1.312019207148e+02       3.938218771868e-05 
       1.648744926125e+02       2.978498787723e-05 
       2.075587906241e+02       2.230179319738e-05 
       2.613010130192e+02       1.644478968906e-05 
       3.289584854047e+02       1.186973996598e-05 
       4.141341967013e+02       8.348442618337e-06 
       5.213640641202e+02       5.704236615828e-06 
       6.563584691172e+02       3.781103666537e-06 
       8.263063560180e+02       2.433477874383e-06 
