# Matter power spectrum P(k) at redshift z=0
# for k=1.02739e-05 to 1.06751 h/Mpc,
# number of wavenumbers equal to 603
#    1:k (h/Mpc)              2:P (Mpc/h)^3        
       1.027392032245e-05       5.081392298597e+01 
       2.295515997971e-05       1.111604027839e+02 
       3.567959012219e-05       1.707848512741e+02 
       4.848039104175e-05       2.301895088973e+02 
       6.139127478104e-05       2.896783946837e+02 
       7.444677651963e-05       3.494904186517e+02 
       8.768255499905e-05       4.098370022999e+02 
       1.011357058690e-04       4.709177334538e+02 
       1.148450918675e-04       5.329285706422e+02 
       1.288516937802e-04       5.960669667919e+02 
       1.431989861338e-04       6.605355596301e+02 
       1.579333415389e-04       7.265451553344e+02 
       1.731044674553e-04       7.943173615921e+02 
       1.887658788582e-04       8.640870543762e+02 
       2.049754097501e-04       9.361048092855e+02 
       2.217957655865e-04       1.010639325223e+03 
       2.392951173190e-04       1.087979897946e+03 
       2.575477357405e-04       1.168438945172e+03 
       2.766346618984e-04       1.252354550010e+03 
       2.966444052729e-04       1.340093014471e+03 
       3.176736558604e-04       1.432051316992e+03 
       3.398279889265e-04       1.528659395628e+03 
       3.632225316507e-04       1.630382098969e+03 
       3.879825489169e-04       1.737720595789e+03 
       4.142438910457e-04       1.851212983865e+03 
       4.421532295985e-04       1.971433796266e+03 
       4.718679894153e-04       2.098991938380e+03 
       5.035558675930e-04       2.234526689931e+03 
       5.373938161778e-04       2.378701181995e+03 
       5.735663594587e-04       2.532192937431e+03 
       6.122631248034e-04       2.695681003993e+03 
       6.536754948179e-04       2.869829423254e+03 
       6.979923446002e-04       3.055267093505e+03 
       7.453949146702e-04       3.252564438274e+03 
       7.960509856680e-04       3.462207770653e+03 
       8.501086542266e-04       3.684572955191e+03 
       9.076901393264e-04       3.919900258674e+03 
       9.688861452596e-04       4.168272871345e+03 
       1.033751339287e-03       4.429601375034e+03 
       1.102301445563e-03       4.703616335419e+03 
       1.174512307288e-03       4.989870259619e+03 
       1.250321046740e-03       5.287749117064e+03 
       1.329629200745e-03       5.596484414251e+03 
       1.412307480090e-03       5.915168671286e+03 
       1.498201641805e-03       6.242865183922e+03 
       1.587138898342e-03       6.578547440021e+03 
       1.678934316699e-03       6.921162415723e+03 
       1.773396760735e-03       7.269657308293e+03 
       1.870334067933e-03       7.623002284629e+03 
       1.969557294860e-03       7.980208289961e+03 
       2.070883989544e-03       8.340340462570e+03 
       2.174140541295e-03       8.702526961005e+03 
       2.279163716551e-03       9.065964057157e+03 
       2.385801517465e-03       9.429916757611e+03 
       2.493913505452e-03       9.793720397800e+03 
       2.603370722652e-03       1.015677661431e+04 
       2.714055326964e-03       1.051855036024e+04 
       2.825860035894e-03       1.087856544710e+04 
       2.938687454220e-03       1.123640536845e+04 
       3.052449342213e-03       1.159169528907e+04 
       3.167065865704e-03       1.194411269005e+04 
       3.282464856817e-03       1.229337326653e+04 
       3.398581104465e-03       1.263923106020e+04 
       3.515355686425e-03       1.298147139588e+04 
       3.632735349443e-03       1.331990933324e+04 
       3.750671940043e-03       1.365438649666e+04 
       3.869121886122e-03       1.398476589904e+04 
       3.988045727705e-03       1.431093399109e+04 
       4.107407694177e-03       1.463278976717e+04 
       4.227175324734e-03       1.495025832743e+04 
       4.347319128500e-03       1.526326596375e+04 
       4.467812280753e-03       1.557176118284e+04 
       4.588630351732e-03       1.587570358353e+04 
       4.709751064757e-03       1.617500057677e+04 
       4.831154080545e-03       1.646974604685e+04 
       4.952820804919e-03       1.675984082915e+04 
       5.074734217328e-03       1.704528953171e+04 
       5.196878717876e-03       1.732617042119e+04 
       5.319239990771e-03       1.760242877644e+04 
       5.441804882349e-03       1.787405913349e+04 
       5.564561292034e-03       1.814109120030e+04 
       5.687498074758e-03       1.840344489695e+04 
       5.810604953558e-03       1.866081957257e+04 
       5.933872441209e-03       1.891409649182e+04 
       6.057291769866e-03       1.916283005223e+04 
       6.180854827848e-03       1.940707111501e+04 
       6.304554102748e-03       1.964667247432e+04 
       6.428382630198e-03       1.988211212135e+04 
       6.552333947650e-03       2.011298975258e+04 
       6.676402052658e-03       2.033954832895e+04 
       6.800581365148e-03       2.056171009068e+04 
       6.924866693283e-03       2.077976821903e+04 
       7.049253202521e-03       2.099358560076e+04 
       7.173736387545e-03       2.120307591333e+04 
       7.298312046775e-03       2.140850463226e+04 
       7.422976259181e-03       2.160965348453e+04 
       7.547725363178e-03       2.180703710647e+04 
       7.672555937395e-03       2.200040407797e+04 
       7.797464783126e-03       2.218927166184e+04 
       7.922448908301e-03       2.237424629517e+04 
       8.047505512831e-03       2.255531858041e+04 
       8.172631975198e-03       2.273253217192e+04 
       8.297825840167e-03       2.290680872521e+04 
       8.423084807512e-03       2.307634648170e+04 
       8.548406721680e-03       2.324213207257e+04 
       8.673789562280e-03       2.340421213391e+04 
       8.799231435341e-03       2.356257347882e+04 
       8.924730565276e-03       2.371626943151e+04 
       9.050285287458e-03       2.386745394814e+04 
       9.175894041395e-03       2.401507666425e+04 
       9.301555364422e-03       2.415927605746e+04 
       9.427267885876e-03       2.430024261922e+04 
       9.553030321716e-03       2.443646022728e+04 
       9.678841469548e-03       2.457090963791e+04 
       9.804700204015e-03       2.470095403273e+04 
       9.930605472538e-03       2.482674545731e+04 
       1.005655629136e-02       2.495017088928e+04 
       1.018255174188e-02       2.507057634567e+04 
       1.030859096727e-02       2.518853076467e+04 
       1.043467316929e-02       2.530150203159e+04 
       1.056079760539e-02       2.541238919064e+04 
       1.068696358597e-02       2.552042938103e+04 
       1.081317047186e-02       2.562403521618e+04 
       1.093941767197e-02       2.572573572863e+04 
       1.106570464110e-02       2.582455922031e+04 
       1.119203087789e-02       2.592000845313e+04 
       1.131839592298e-02       2.601219068128e+04 
       1.144479935719e-02       2.610097080787e+04 
       1.157124079990e-02       2.618824072195e+04 
       1.169771990757e-02       2.627093538837e+04 
       1.182423637226e-02       2.635290916500e+04 
       1.195078992033e-02       2.643086926621e+04 
       1.207738031125e-02       2.650636739414e+04 
       1.220400733640e-02       2.657893654577e+04 
       1.233067081806e-02       2.664906795581e+04 
       1.245737060839e-02       2.671483431862e+04 
       1.258410658852e-02       2.678084609981e+04 
       1.271087866775e-02       2.684284585990e+04 
       1.283768678268e-02       2.690241411234e+04 
       1.296453089655e-02       2.695799928588e+04 
       1.309141099854e-02       2.701376192261e+04 
       1.321832710315e-02       2.706593928627e+04 
       1.334527924964e-02       2.711534892968e+04 
       1.347226750149e-02       2.716117783239e+04 
       1.359929194591e-02       2.720587038438e+04 
       1.372635269343e-02       2.724971210061e+04 
       1.385344987746e-02       2.728888649295e+04 
       1.398058365396e-02       2.732751811908e+04 
       1.410775420109e-02       2.736273844260e+04 
       1.423496171890e-02       2.739598977269e+04 
       1.436220642910e-02       2.742697577478e+04 
       1.448948857481e-02       2.745450475255e+04 
       1.461680842035e-02       2.748254254182e+04 
       1.474416625105e-02       2.750716780996e+04 
       1.487156237313e-02       2.752843963277e+04 
       1.499899711358e-02       2.754938803084e+04 
       1.512647082002e-02       2.756828110100e+04 
       1.525398386064e-02       2.758382311592e+04 
       1.538153662418e-02       2.759759552339e+04 
       1.550912951984e-02       2.761048514209e+04 
       1.563676297733e-02       2.762166765344e+04 
       1.576443744683e-02       2.762923584174e+04 
       1.589215339908e-02       2.763554437968e+04 
       1.601991132537e-02       2.764136251134e+04 
       1.614771173764e-02       2.764433629490e+04 
       1.627555516857e-02       2.764537516220e+04 
       1.640344217170e-02       2.764458983791e+04 
       1.653137332152e-02       2.764205953141e+04 
       1.665934921366e-02       2.763684072914e+04 
       1.678737046500e-02       2.763113690260e+04 
       1.691543771389e-02       2.762395091056e+04 
       1.704355162034e-02       2.761392440296e+04 
       1.717171286620e-02       2.760315456636e+04 
       1.729992215544e-02       2.759033069410e+04 
       1.742818021434e-02       2.757641095131e+04 
       1.755648779182e-02       2.756055953762e+04 
       1.768484565964e-02       2.754345954281e+04 
       1.781325461277e-02       2.752529267591e+04 
       1.794171546964e-02       2.750401793280e+04 
       1.807022907251e-02       2.748269109799e+04 
       1.819879628782e-02       2.745858561654e+04 
       1.832741800650e-02       2.743408472626e+04 
       1.845609514442e-02       2.740853263483e+04 
       1.858482864271e-02       2.738014569414e+04 
       1.871361946824e-02       2.735218073250e+04 
       1.884246861402e-02       2.732082488143e+04 
       1.897137709964e-02       2.728921284609e+04 
       1.910034597176e-02       2.725721075895e+04 
       1.922937630455e-02       2.722274992125e+04 
       1.935846920025e-02       2.718686642899e+04 
       1.948762578965e-02       2.715024003600e+04 
       1.961684723263e-02       2.711174460842e+04 
       1.974613471875e-02       2.707264311917e+04 
       1.987548946776e-02       2.703218451393e+04 
       2.000491273031e-02       2.699093062319e+04 
       2.013440578843e-02       2.694809668764e+04 
       2.026396995629e-02       2.690407313394e+04 
       2.039360658080e-02       2.685938649419e+04 
       2.052331704228e-02       2.681335809199e+04 
       2.065310275520e-02       2.676610931272e+04 
       2.078296516891e-02       2.671798077993e+04 
       2.091290576835e-02       2.666876336897e+04 
       2.104292607486e-02       2.661855818588e+04 
       2.117302764697e-02       2.656736424320e+04 
       2.130321208123e-02       2.651523111111e+04 
       2.143348101303e-02       2.646215051820e+04 
       2.156383611754e-02       2.640871339154e+04 
       2.169427911056e-02       2.635315905258e+04 
       2.182481174946e-02       2.629760488508e+04 
       2.195543583418e-02       2.624048652494e+04 
       2.208615320819e-02       2.618290816602e+04 
       2.221696575953e-02       2.612490328719e+04 
       2.234787542186e-02       2.606511026766e+04 
       2.247888417555e-02       2.600496521065e+04 
       2.260999404880e-02       2.594406027017e+04 
       2.274120711882e-02       2.588296952874e+04 
       2.287252551301e-02       2.582030847518e+04 
       2.300395141019e-02       2.575669444477e+04 
       2.313548704188e-02       2.569310055263e+04 
       2.326713469360e-02       2.562802056361e+04 
       2.339889670627e-02       2.556273008940e+04 
       2.353077547755e-02       2.549668324139e+04 
       2.366277346329e-02       2.543033628216e+04 
       2.379489317908e-02       2.536264164899e+04 
       2.392713720169e-02       2.529452777384e+04 
       2.405950817075e-02       2.522593763238e+04 
       2.419200879032e-02       2.515670167804e+04 
       2.432464183063e-02       2.508686170294e+04 
       2.445741012976e-02       2.501644898580e+04 
       2.459031659553e-02       2.494575052197e+04 
       2.472336420730e-02       2.487401946704e+04 
       2.485655601792e-02       2.480203046466e+04 
       2.498989515568e-02       2.472936258842e+04 
       2.512338482645e-02       2.465664071897e+04 
       2.525702831572e-02       2.458267974077e+04 
       2.539082899084e-02       2.450893874228e+04 
       2.552479030326e-02       2.443428682043e+04 
       2.565891579095e-02       2.435908819564e+04 
       2.579320908073e-02       2.428385992733e+04 
       2.592767389086e-02       2.420791418172e+04 
       2.606231403363e-02       2.413177597966e+04 
       2.619713341803e-02       2.405516103410e+04 
       2.633213605255e-02       2.397816101845e+04 
       2.646732604807e-02       2.390069465067e+04 
       2.660270762088e-02       2.382286702489e+04 
       2.673828509572e-02       2.374475516215e+04 
       2.687406290904e-02       2.366617152275e+04 
       2.701004561232e-02       2.358739943172e+04 
       2.714623787551e-02       2.350834319911e+04 
       2.728264449062e-02       2.342880066223e+04 
       2.741927037544e-02       2.334917703002e+04 
       2.755612057736e-02       2.326892511774e+04 
       2.769320027741e-02       2.318873643521e+04 
       2.783051479441e-02       2.310835039747e+04 
       2.796806958922e-02       2.302745174814e+04 
       2.810587026932e-02       2.294625320812e+04 
       2.824392259336e-02       2.286507281632e+04 
       2.838223247606e-02       2.278352878977e+04 
       2.852080599323e-02       2.270161595077e+04 
       2.865964938696e-02       2.261967970301e+04 
       2.879876907111e-02       2.253755625361e+04 
       2.893817163692e-02       2.245532670112e+04 
       2.907786385893e-02       2.237273903714e+04 
       2.921785270112e-02       2.229009105711e+04 
       2.935814532326e-02       2.220721619720e+04 
       2.949874908762e-02       2.212433103199e+04 
       2.963967156583e-02       2.204119547608e+04 
       2.978092054620e-02       2.195797715224e+04 
       2.992250404121e-02       2.187456999430e+04 
       3.006443029538e-02       2.179114528943e+04 
       3.020670779351e-02       2.170750495814e+04 
       3.034934526925e-02       2.162391888568e+04 
       3.049235171404e-02       2.154005312682e+04 
       3.063573638650e-02       2.145613953174e+04 
       3.077950882219e-02       2.137226075505e+04 
       3.092367884388e-02       2.128818629230e+04 
       3.106825657222e-02       2.120436376398e+04 
       3.121325243694e-02       2.112015571643e+04 
       3.135867718864e-02       2.103578576005e+04 
       3.150454191101e-02       2.095149295135e+04 
       3.165085803376e-02       2.086730607571e+04 
       3.179763734609e-02       2.078303446623e+04 
       3.194489201086e-02       2.069867944704e+04 
       3.209263457947e-02       2.061435170351e+04 
       3.224087800742e-02       2.052985423637e+04 
       3.238963567074e-02       2.044548875465e+04 
       3.253892138317e-02       2.036105149642e+04 
       3.268874941430e-02       2.027652385615e+04 
       3.283913450856e-02       2.019231667423e+04 
       3.299009190533e-02       2.010770691757e+04 
       3.314163735999e-02       2.002323407609e+04 
       3.329378716615e-02       1.993884503244e+04 
       3.344655817912e-02       1.985455792135e+04 
       3.359996784061e-02       1.977014448649e+04 
       3.375403420477e-02       1.968590783354e+04 
       3.390877596581e-02       1.960159298275e+04 
       3.406421248702e-02       1.951727381181e+04 
       3.422036383156e-02       1.943301528534e+04 
       3.437725079501e-02       1.934878953304e+04 
       3.453489493976e-02       1.926461375726e+04 
       3.469331863154e-02       1.918049056163e+04 
       3.485254507803e-02       1.909645775936e+04 
       3.501259836985e-02       1.901246265836e+04 
       3.517350352410e-02       1.892852846610e+04 
       3.533528653053e-02       1.884449497657e+04 
       3.549797440066e-02       1.876060002095e+04 
       3.566159521997e-02       1.867682914342e+04 
       3.582617820348e-02       1.859303966891e+04 
       3.599175375498e-02       1.850923441015e+04 
       3.615835353007e-02       1.842562249612e+04 
       3.632601050351e-02       1.834214046312e+04 
       3.649475904108e-02       1.825846982401e+04 
       3.666463497636e-02       1.817501869863e+04 
       3.683567569289e-02       1.809161205336e+04 
       3.700792021206e-02       1.800810508286e+04 
       3.718140928730e-02       1.792485609679e+04 
       3.735618550513e-02       1.784161062866e+04 
       3.753229339354e-02       1.775827444551e+04 
       3.770977953852e-02       1.767510511402e+04 
       3.788869270935e-02       1.759195643372e+04 
       3.806908399351e-02       1.750895356463e+04 
       3.825100694207e-02       1.742589747431e+04 
       3.843451772658e-02       1.734281644302e+04 
       3.861967530850e-02       1.725990244513e+04 
       3.880654162244e-02       1.717685010562e+04 
       3.899518177460e-02       1.709391721334e+04 
       3.918566425776e-02       1.701112099222e+04 
       3.937806118474e-02       1.692832748472e+04 
       3.957244854202e-02       1.684549495814e+04 
       3.976890646581e-02       1.676252211126e+04 
       3.996751954280e-02       1.667977906499e+04 
       4.016837713840e-02       1.659693923049e+04 
       4.037157375538e-02       1.651396523444e+04 
       4.057720942650e-02       1.643114657121e+04 
       4.078539014477e-02       1.634831623148e+04 
       4.099622833588e-02       1.626528405211e+04 
       4.120984337781e-02       1.618236532539e+04 
       4.142636217310e-02       1.609935296658e+04 
       4.164591978053e-02       1.601636589917e+04 
       4.186866011342e-02       1.593315985851e+04 
       4.209473671313e-02       1.585002529398e+04 
       4.232431360760e-02       1.576657127390e+04 
       4.255756626607e-02       1.568317532517e+04 
       4.279468266316e-02       1.559973416068e+04 
       4.303586446735e-02       1.551588748005e+04 
       4.328132837141e-02       1.543221592744e+04 
       4.353130758532e-02       1.534815993985e+04 
       4.378605351553e-02       1.526404229900e+04 
       4.404583765875e-02       1.517937096494e+04 
       4.431095374327e-02       1.509501150349e+04 
       4.458172015673e-02       1.500986180234e+04 
       4.485848270680e-02       1.492477355315e+04 
       4.514161776950e-02       1.483923216210e+04 
       4.543153589091e-02       1.475352732932e+04 
       4.572868592075e-02       1.466717524653e+04 
       4.603355977244e-02       1.458050874289e+04 
       4.634669792356e-02       1.449349778291e+04 
       4.666869579527e-02       1.440607483129e+04 
       4.700021117882e-02       1.431811211375e+04 
       4.734197291534e-02       1.422941899271e+04 
       4.769479108155e-02       1.413980866006e+04 
       4.805956899341e-02       1.405017808245e+04 
       4.843731741387e-02       1.395917763636e+04 
       4.882917144551e-02       1.386742105977e+04 
       4.923641070808e-02       1.377501782149e+04 
       4.966048355389e-02       1.368141916200e+04 
       5.010303626779e-02       1.358662554611e+04 
       5.056594844627e-02       1.349101130465e+04 
       5.105137606500e-02       1.339359775129e+04 
       5.156180414170e-02       1.329428015822e+04 
       5.210011139871e-02       1.319350309867e+04 
       5.266964993823e-02       1.309045826302e+04 
       5.327434366286e-02       1.298507874813e+04 
       5.391880996779e-02       1.287632320206e+04 
       5.460850998641e-02       1.276539829585e+04 
       5.534993311169e-02       1.264986185551e+04 
       5.615082104248e-02       1.252942675902e+04 
       5.702043399067e-02       1.240381842616e+04 
       5.796985455765e-02       1.227053842790e+04 
       5.901230880485e-02       1.212878227141e+04 
       6.016345189717e-02       1.197551555391e+04 
       6.144150684369e-02       1.180759417728e+04 
       6.286704906162e-02       1.162083440741e+04 
       6.446210196298e-02       1.140954612995e+04 
       6.624810911275e-02       1.116626464357e+04 
       6.824245097932e-02       1.088322210533e+04 
       7.045376522718e-02       1.055225055046e+04 
       7.287751463413e-02       1.016817325638e+04 
       7.549430578974e-02       9.729265802406e+03 
       7.827282816217e-02       9.243771688773e+03 
       8.117651360416e-02       8.725054086835e+03 
       8.417054802847e-02       8.193397475535e+03 
       8.722628545117e-02       7.669892609755e+03 
       9.032248402065e-02       7.174019299009e+03 
       9.344448266536e-02       6.721372623864e+03 
       9.658263349436e-02       6.322180188636e+03 
       9.973077979514e-02       5.980923386763e+03 
       1.028850681114e-01       5.697077525206e+03 
       1.060431153765e-01       5.466105879712e+03 
       1.092034586171e-01       5.280112318670e+03 
       1.123652036473e-01       5.129037983713e+03 
       1.155278053147e-01       5.002387144833e+03 
       1.186909317000e-01       4.888556740462e+03 
       1.218543808084e-01       4.777854324318e+03 
       1.250180296890e-01       4.661673065225e+03 
       1.281818034391e-01       4.533973598395e+03 
       1.313456563545e-01       4.391864625520e+03 
       1.345095604742e-01       4.234973575074e+03 
       1.376734986243e-01       4.065274162063e+03 
       1.408374601935e-01       3.887194734762e+03 
       1.440014385680e-01       3.706090342393e+03 
       1.471654295733e-01       3.527493194470e+03 
       1.503294305284e-01       3.356839322828e+03 
       1.534934396696e-01       3.198678757011e+03 
       1.566574558004e-01       3.056208086214e+03 
       1.598214780784e-01       2.931100425291e+03 
       1.629855058843e-01       2.823964061926e+03 
       1.661495387427e-01       2.733714198353e+03 
       1.693135762722e-01       2.658397295830e+03 
       1.724776181553e-01       2.595289901643e+03 
       1.756416641193e-01       2.541059708620e+03 
       1.788057139243e-01       2.492484079508e+03 
       1.819697673550e-01       2.446740412822e+03 
       1.851338242160e-01       2.400376566193e+03 
       1.882978843282e-01       2.351113431480e+03 
       1.914619475261e-01       2.297335094374e+03 
       1.946260136563e-01       2.238332441416e+03 
       1.977900825757e-01       2.174407791684e+03 
       2.009541541510e-01       2.106665374070e+03 
       2.041182282573e-01       2.036507052531e+03 
       2.072823047776e-01       1.965921109812e+03 
       2.104463836020e-01       1.896513114674e+03 
       2.136104646273e-01       1.830024432347e+03 
       2.167745477564e-01       1.767618083347e+03 
       2.199386328978e-01       1.710249611786e+03 
       2.231027199653e-01       1.658369073605e+03 
       2.262668088774e-01       1.612206402386e+03 
       2.294308995574e-01       1.571520066524e+03 
       2.325949919326e-01       1.535790176527e+03 
       2.357590859343e-01       1.504200108330e+03 
       2.389231814974e-01       1.475752084249e+03 
       2.420872785604e-01       1.449287451582e+03 
       2.452513770648e-01       1.423772699101e+03 
       2.484154769551e-01       1.398346393102e+03 
       2.515795781789e-01       1.372256631382e+03 
       2.547436806859e-01       1.345105061661e+03 
       2.579077844289e-01       1.316559611415e+03 
       2.610718893624e-01       1.286772635025e+03 
       2.642359954436e-01       1.255867861527e+03 
       2.674001026314e-01       1.224250948884e+03 
       2.705642108868e-01       1.192403356376e+03 
       2.737283201726e-01       1.160908135432e+03 
       2.768924304532e-01       1.130248387366e+03 
       2.800565416947e-01       1.100994958970e+03 
       2.832206538648e-01       1.073475100568e+03 
       2.863847669324e-01       1.047916909452e+03 
       2.895488808681e-01       1.024386519894e+03 
       2.927129956434e-01       1.002803173863e+03 
       2.958771112314e-01       9.829648772424e+02 
       2.990412276061e-01       9.646232218994e+02 
       3.022053447426e-01       9.474674382847e+02 
       3.053694626172e-01       9.312228331472e+02 
       3.085335812070e-01       9.155378151658e+02 
       3.116977004901e-01       9.001227035426e+02 
       3.148618204456e-01       8.847268986007e+02 
       3.180259410533e-01       8.691780556364e+02 
       3.211900622937e-01       8.533387029065e+02 
       3.243541841483e-01       8.372219852743e+02 
       3.275183065993e-01       8.208611167737e+02 
       3.306824296293e-01       8.044054858070e+02 
       3.338465532219e-01       7.880134426806e+02 
       3.370106773611e-01       7.717912069837e+02 
       3.401748020316e-01       7.558981278350e+02 
       3.433389272187e-01       7.404985066076e+02 
       3.465030529082e-01       7.256896126470e+02 
       3.496671790863e-01       7.115611095334e+02 
       3.528313057398e-01       6.981352316360e+02 
       3.559954328560e-01       6.854492840704e+02 
       3.591595604227e-01       6.734635081897e+02 
       3.623236884279e-01       6.621187393492e+02 
       3.654878168603e-01       6.512753093596e+02 
       3.686519457088e-01       6.408587925459e+02 
       3.718160749626e-01       6.307497649556e+02 
       3.749802046116e-01       6.208154316501e+02 
       3.781443346458e-01       6.110380087009e+02 
       3.813084650554e-01       6.013405061122e+02 
       3.844725958313e-01       5.917112601609e+02 
       3.876367269644e-01       5.820770390371e+02 
       3.908008584460e-01       5.724927021592e+02 
       3.939649902677e-01       5.629378366062e+02 
       3.971291224213e-01       5.534586124065e+02 
       4.002932548989e-01       5.440950558656e+02 
       4.034573876928e-01       5.348925299908e+02 
       4.066215207957e-01       5.258962132776e+02 
       4.097856542003e-01       5.171482562421e+02 
       4.129497878998e-01       5.086712428052e+02 
       4.161139218873e-01       5.004745935251e+02 
       4.192780561563e-01       4.925389370895e+02 
       4.224421907004e-01       4.848864750221e+02 
       4.256063255135e-01       4.774729318600e+02 
       4.287704605897e-01       4.703196407749e+02 
       4.319345959230e-01       4.633716959086e+02 
       4.350987315079e-01       4.566450893736e+02 
       4.382628673390e-01       4.500584082876e+02 
       4.414270034108e-01       4.436207525584e+02 
       4.445911397183e-01       4.372838454464e+02 
       4.477552762564e-01       4.310346747809e+02 
       4.509194130203e-01       4.248521315139e+02 
       4.540835500052e-01       4.187359682555e+02 
       4.572476872065e-01       4.126877781106e+02 
       4.604118246197e-01       4.067134589359e+02 
       4.635759622406e-01       4.008175890707e+02 
       4.667401000648e-01       3.950064807803e+02 
       4.699042380882e-01       3.892866688725e+02 
       4.730683763068e-01       3.836727663087e+02 
       4.762325147167e-01       3.781750851129e+02 
       4.793966533142e-01       3.728077122623e+02 
       4.825607920954e-01       3.675816214524e+02 
       4.857249310569e-01       3.624962996758e+02 
       4.888890701950e-01       3.575549213931e+02 
       4.920532095065e-01       3.527296916219e+02 
       4.952173489879e-01       3.480255366665e+02 
       4.983814886359e-01       3.434239646839e+02 
       5.015456284475e-01       3.389166893449e+02 
       5.047097684196e-01       3.344975061446e+02 
       5.078739085491e-01       3.301574122684e+02 
       5.110380488331e-01       3.258905333700e+02 
       5.142021892688e-01       3.216861797960e+02 
       5.173663298533e-01       3.175387836452e+02 
       5.205304705839e-01       3.134433746730e+02 
       5.236946114580e-01       3.093992799221e+02 
       5.268587524730e-01       3.054112930566e+02 
       5.300228936264e-01       3.014833333290e+02 
       5.331870349156e-01       2.976240774484e+02 
       5.363511763383e-01       2.938360180543e+02 
       5.395153178921e-01       2.901177431408e+02 
       5.426794595747e-01       2.864689978802e+02 
       5.458436013839e-01       2.828889495347e+02 
       5.490077433175e-01       2.793751190139e+02 
       5.521718853733e-01       2.759296045796e+02 
       5.553360275492e-01       2.725528053385e+02 
       5.585001698432e-01       2.692440689082e+02 
       5.616643122533e-01       2.659999588264e+02 
       5.648284547775e-01       2.628180917249e+02 
       5.679925974140e-01       2.596914499941e+02 
       5.711567401608e-01       2.566149733545e+02 
       5.743208830161e-01       2.535857941215e+02 
       5.774850259781e-01       2.506027833524e+02 
       5.806491690451e-01       2.476657539009e+02 
       5.838133122154e-01       2.447747799024e+02 
       5.869774554873e-01       2.419297792259e+02 
       5.901415988591e-01       2.391261898913e+02 
       5.933057423293e-01       2.363626207283e+02 
       5.964698858962e-01       2.336375616785e+02 
       5.996340295584e-01       2.309512267892e+02 
       6.027981733144e-01       2.283057682592e+02 
       6.059623171626e-01       2.257034264438e+02 
       6.091264611016e-01       2.231458985080e+02 
       6.122906051301e-01       2.206333260475e+02 
       6.154547492466e-01       2.181635137515e+02 
       6.186188934497e-01       2.157342269297e+02 
       6.217830377383e-01       2.133433459828e+02 
       6.249471821108e-01       2.109898731249e+02 
       6.281113265662e-01       2.086739753372e+02 
       6.312754711031e-01       2.063960473070e+02 
       6.344396157203e-01       2.041554372317e+02 
       6.376037604166e-01       2.019509125974e+02 
       6.407679051908e-01       1.997797050556e+02 
       6.439320500418e-01       1.976394329294e+02 
       6.470961949685e-01       1.955278942634e+02 
       6.502603399697e-01       1.934449031357e+02 
       6.534244850444e-01       1.913908032290e+02 
       6.565886301915e-01       1.893667828724e+02 
       6.597527754099e-01       1.873732962102e+02 
       6.629169206986e-01       1.854098837240e+02 
       6.660810660567e-01       1.834750251161e+02 
       6.692452114832e-01       1.815671429783e+02 
       6.724093569769e-01       1.796851648396e+02 
       6.755735025372e-01       1.778292793464e+02 
       6.787376481629e-01       1.760002810762e+02 
       6.819017938532e-01       1.741990487161e+02 
       6.850659396071e-01       1.724260663327e+02 
       6.882300854239e-01       1.706801482281e+02 
       6.913942313026e-01       1.689598534582e+02 
       6.945583772424e-01       1.672634620922e+02 
       6.977225232424e-01       1.655897086755e+02 
       7.008866693019e-01       1.639384486113e+02 
       7.040508154200e-01       1.623099832196e+02 
       7.072149615960e-01       1.607049306513e+02 
       7.103791078290e-01       1.591231229903e+02 
       7.135432541183e-01       1.575638888149e+02 
       7.167074004633e-01       1.560256805297e+02 
       7.198715468630e-01       1.545070156532e+02 
       7.230356933168e-01       1.530073709115e+02 
       7.261998398241e-01       1.515266608516e+02 
       7.293639863840e-01       1.500657366000e+02 
       7.325281329959e-01       1.486251346840e+02 
       7.356922796592e-01       1.472048458450e+02 
       7.388564263732e-01       1.458046580066e+02 
       7.420205731372e-01       1.444231630800e+02 
       8.106530345521e-01       1.184554076108e+02 
       9.098804323383e-01       9.119519937737e+01 
       1.067507436072e+00       6.320248526524e+01 
