# Matter power spectrum P(k) at redshift z=0
# for k=1.04666e-05 to 1.08446 h/Mpc,
# number of wavenumbers equal to 602
#    1:k (h/Mpc)              2:P (Mpc/h)^3        
       1.046662173771e-05       5.021385335630e+01 
       2.339010436998e-05       1.091430937982e+02 
       3.635928705527e-05       1.670942206079e+02 
       4.940929570637e-05       2.246712135638e+02 
       6.257584060516e-05       2.822213548132e+02 
       7.589553691918e-05       3.400071510268e+02 
       8.940623552601e-05       3.982545838280e+02 
       1.031473685724e-04       4.571729093656e+02 
       1.171603142289e-04       5.169648503204e+02 
       1.314887851346e-04       5.778328112880e+02 
       1.461792450317e-04       6.399832162889e+02 
       1.612813580243e-04       7.036299271084e+02 
       1.768484747118e-04       7.689971707540e+02 
       1.929381590541e-04       8.363222409598e+02 
       2.096127591434e-04       9.058580917998e+02 
       2.269400239269e-04       9.778759222222e+02 
       2.449937661899e-04       1.052667755005e+03 
       2.638545695239e-04       1.130549072036e+03 
       2.836105333001e-04       1.211861420804e+03 
       3.043580444912e-04       1.296975002815e+03 
       3.262025581462e-04       1.386291128353e+03 
       3.492593590032e-04       1.480244420171e+03 
       3.736542647466e-04       1.579304601313e+03 
       3.995242165109e-04       1.683977598174e+03 
       4.270176844750e-04       1.794805730133e+03 
       4.562947963497e-04       1.912366499167e+03 
       4.875270757334e-04       2.037269660004e+03 
       5.208966584194e-04       2.170151945239e+03 
       5.565948421736e-04       2.311669041808e+03 
       5.948198254612e-04       2.462484250691e+03 
       6.357735108027e-04       2.623253462094e+03 
       6.796572970577e-04       2.794606442317e+03 
       7.266668683152e-04       2.977124494234e+03 
       7.769861063954e-04       3.171315420851e+03 
       8.307804013074e-04       3.377587027697e+03 
       8.881897893367e-04       3.596221045989e+03 
       9.493224799035e-04       3.827349940721e+03 
       1.014249401693e-03       4.070939047944e+03 
       1.083000372326e-03       4.326776359605e+03 
       1.155562358967e-03       4.594471680810e+03 
       1.231880063651e-03       4.873465566769e+03 
       1.311858780219e-03       5.163047770680e+03 
       1.395369191244e-03       5.462361775120e+03 
       1.482253562822e-03       5.770476113498e+03 
       1.572332690983e-03       6.086416711477e+03 
       1.665412962760e-03       6.409159206718e+03 
       1.761292995691e-03       6.737675923258e+03 
       1.859769473441e-03       7.070959692050e+03 
       1.960641961941e-03       7.408042401400e+03 
       2.063716638811e-03       7.748009134356e+03 
       2.168808981418e-03       8.090006890430e+03 
       2.275745531069e-03       8.433250723266e+03 
       2.384364886832e-03       8.777024769622e+03 
       2.494518090911e-03       9.120682238751e+03 
       2.606068557720e-03       9.463642544002e+03 
       2.718891679167e-03       9.805388467009e+03 
       2.832874215046e-03       1.014546103136e+04 
       2.947913553990e-03       1.048345559973e+04 
       3.063916909302e-03       1.081901733568e+04 
       3.180800496121e-03       1.115183469034e+04 
       3.298488722111e-03       1.148163697808e+04 
       3.416913412736e-03       1.180818972560e+04 
       3.536013083943e-03       1.213128953835e+04 
       3.655732269071e-03       1.245076042259e+04 
       3.776020902583e-03       1.276645336475e+04 
       3.896833760383e-03       1.307823969855e+04 
       4.018129954614e-03       1.338601306181e+04 
       4.139872479750e-03       1.368968236380e+04 
       4.262027806154e-03       1.398917190655e+04 
       4.384565517062e-03       1.428442075712e+04 
       4.507457984925e-03       1.457538250206e+04 
       4.630680083162e-03       1.486201922279e+04 
       4.754208929652e-03       1.514428610857e+04 
       4.878023658519e-03       1.542217050849e+04 
       5.002105217091e-03       1.569569292944e+04 
       5.126436185207e-03       1.596480616275e+04 
       5.251000614337e-03       1.622952730623e+04 
       5.375783884242e-03       1.648993966055e+04 
       5.500772575165e-03       1.674595954652e+04 
       5.625954353762e-03       1.699760266372e+04 
       5.751317871202e-03       1.724435761993e+04 
       5.876852672034e-03       1.748731584078e+04 
       6.002549112591e-03       1.772596204033e+04 
       6.128398287857e-03       1.796029527722e+04 
       6.254391965830e-03       1.819041752035e+04 
       6.380522528548e-03       1.841632837344e+04 
       6.506782919029e-03       1.863788170197e+04 
       6.633166593489e-03       1.885544731403e+04 
       6.759667478232e-03       1.906882673950e+04 
       6.886279930739e-03       1.927876814152e+04 
       7.012998704475e-03       1.948396268213e+04 
       7.139818917041e-03       1.968554705654e+04 
       7.266736021305e-03       1.988316300863e+04 
       7.393745779205e-03       2.007669842823e+04 
       7.520844237958e-03       2.026634950937e+04 
       7.648027708412e-03       2.045208165439e+04 
       7.775292745335e-03       2.063405607482e+04 
       7.902636129456e-03       2.081205283453e+04 
       8.030054851064e-03       2.098649369807e+04 
       8.157546095029e-03       2.115711177512e+04 
       8.285107227106e-03       2.132497695104e+04 
       8.412735781391e-03       2.148838079179e+04 
       8.540429448827e-03       2.164824035207e+04 
       8.668186066665e-03       2.180450139990e+04 
       8.796003608781e-03       2.195729818763e+04 
       8.923880176779e-03       2.210667009966e+04 
       9.051813991807e-03       2.225253130707e+04 
       9.179803387025e-03       2.239493146202e+04 
       9.307846800659e-03       2.253405315995e+04 
       9.435942769599e-03       2.266991744063e+04 
       9.564089923490e-03       2.280238299083e+04 
       9.692286979276e-03       2.293166229044e+04 
       9.820532736149e-03       2.305769270206e+04 
       9.948826070889e-03       2.318054061682e+04 
       1.007716593354e-02       2.330025106795e+04 
       1.020555134342e-02       2.341689124919e+04 
       1.033398138539e-02       2.352971133328e+04 
       1.046245520646e-02       2.364095966749e+04 
       1.059097201255e-02       2.374850936587e+04 
       1.071953106556e-02       2.385316512625e+04 
       1.084813168062e-02       2.395380766071e+04 
       1.097677322354e-02       2.405345853007e+04 
       1.110545510843e-02       2.414927320657e+04 
       1.123417679549e-02       2.424220968032e+04 
       1.136293778897e-02       2.433253546349e+04 
       1.149173763527e-02       2.441997617605e+04 
       1.162057592116e-02       2.450483829590e+04 
       1.174945227211e-02       2.458673787219e+04 
       1.187836635081e-02       2.466609120148e+04 
       1.200731785567e-02       2.474278769387e+04 
       1.213630651957e-02       2.481704037612e+04 
       1.226533210856e-02       2.488848116994e+04 
       1.239439442075e-02       2.495744974715e+04 
       1.252349328527e-02       2.502386206011e+04 
       1.265262856119e-02       2.508786413711e+04 
       1.278180013672e-02       2.514943843175e+04 
       1.291100792826e-02       2.520769890272e+04 
       1.304025187968e-02       2.526521416431e+04 
       1.316953196153e-02       2.531950257455e+04 
       1.329884817044e-02       2.537147827909e+04 
       1.342820052842e-02       2.542125255193e+04 
       1.355758908236e-02       2.546848290068e+04 
       1.368701390344e-02       2.551252669632e+04 
       1.381647508670e-02       2.555592026902e+04 
       1.394597275055e-02       2.559730912059e+04 
       1.407550703643e-02       2.563499839158e+04 
       1.420507810838e-02       2.567198996839e+04 
       1.433468615277e-02       2.570531601831e+04 
       1.446433137797e-02       2.573841269199e+04 
       1.459401401408e-02       2.576748373799e+04 
       1.472373431273e-02       2.579595957096e+04 
       1.485349254688e-02       2.582252467097e+04 
       1.498328901059e-02       2.584654153483e+04 
       1.511312401894e-02       2.586866100627e+04 
       1.524299790786e-02       2.588768698184e+04 
       1.537291103408e-02       2.590706543495e+04 
       1.550286377500e-02       2.592263345719e+04 
       1.563285652868e-02       2.593713447045e+04 
       1.576288971381e-02       2.595045336915e+04 
       1.589296376969e-02       2.596132815571e+04 
       1.602307915624e-02       2.597032816613e+04 
       1.615323635407e-02       2.597642147129e+04 
       1.628343586450e-02       2.598189653424e+04 
       1.641367820965e-02       2.598568477850e+04 
       1.654396393251e-02       2.598776345211e+04 
       1.667429359712e-02       2.598906284782e+04 
       1.680466778860e-02       2.598787451880e+04 
       1.693508711338e-02       2.598509736523e+04 
       1.706555219934e-02       2.597960488425e+04 
       1.719606369598e-02       2.597342551574e+04 
       1.732662227463e-02       2.596657741118e+04 
       1.745722862868e-02       2.595764197968e+04 
       1.758788347379e-02       2.594589109582e+04 
       1.771858754815e-02       2.593444261746e+04 
       1.784934161277e-02       2.592103133637e+04 
       1.798014645172e-02       2.590510686640e+04 
       1.811100287248e-02       2.588942020631e+04 
       1.824191170622e-02       2.587035240163e+04 
       1.837287380815e-02       2.585122649038e+04 
       1.850389005787e-02       2.583023385825e+04 
       1.863496135973e-02       2.580908118773e+04 
       1.876608864323e-02       2.578495931187e+04 
       1.889727286342e-02       2.576111075336e+04 
       1.902851500130e-02       2.573410497006e+04 
       1.915981606426e-02       2.570767441882e+04 
       1.929117708657e-02       2.567855222353e+04 
       1.942259912979e-02       2.564939267215e+04 
       1.955408328332e-02       2.561828319267e+04 
       1.968563066488e-02       2.558631267286e+04 
       1.981724242103e-02       2.555329493154e+04 
       1.994891972772e-02       2.551803319443e+04 
       2.008066379089e-02       2.548238293235e+04 
       2.021247584699e-02       2.544571497956e+04 
       2.034435716365e-02       2.540768630750e+04 
       2.047630904026e-02       2.536966586506e+04 
       2.060833280864e-02       2.532918352213e+04 
       2.074042983369e-02       2.528821258938e+04 
       2.087260151412e-02       2.524622820037e+04 
       2.100484928311e-02       2.520326477569e+04 
       2.113717460909e-02       2.515981975060e+04 
       2.126957899645e-02       2.511438493124e+04 
       2.140206398639e-02       2.506869143534e+04 
       2.153463115767e-02       2.502172026303e+04 
       2.166728212748e-02       2.497404338560e+04 
       2.180001855228e-02       2.492544584439e+04 
       2.193284212870e-02       2.487617291749e+04 
       2.206575459445e-02       2.482562216659e+04 
       2.219875772928e-02       2.477482941161e+04 
       2.233185335591e-02       2.472226349963e+04 
       2.246504334109e-02       2.466971497156e+04 
       2.259832959660e-02       2.461604924536e+04 
       2.273171408033e-02       2.456141735460e+04 
       2.286519879738e-02       2.450679940721e+04 
       2.299878580120e-02       2.445024166380e+04 
       2.313247719474e-02       2.439354236624e+04 
       2.326627513171e-02       2.433658519249e+04 
       2.340018181775e-02       2.427803814511e+04 
       2.353419951179e-02       2.421995286491e+04 
       2.366833052732e-02       2.416020457051e+04 
       2.380257723381e-02       2.410017907827e+04 
       2.393694205806e-02       2.403942881745e+04 
       2.407142748571e-02       2.397823437661e+04 
       2.420603606273e-02       2.391554044421e+04 
       2.434077039693e-02       2.385290580162e+04 
       2.447563315964e-02       2.378966525229e+04 
       2.461062708729e-02       2.372587901089e+04 
       2.474575498315e-02       2.366154211130e+04 
       2.488101971909e-02       2.359670024707e+04 
       2.501642423739e-02       2.353126243469e+04 
       2.515197155265e-02       2.346541842544e+04 
       2.528766475369e-02       2.339940544316e+04 
       2.542350700558e-02       2.333257283648e+04 
       2.555950155172e-02       2.326486785237e+04 
       2.569565171597e-02       2.319707023616e+04 
       2.583196090487e-02       2.312868836033e+04 
       2.596843260994e-02       2.305995460781e+04 
       2.610507041003e-02       2.299051301116e+04 
       2.624187797380e-02       2.292086090342e+04 
       2.637885906223e-02       2.285089434863e+04 
       2.651601753127e-02       2.278039394744e+04 
       2.665335733452e-02       2.270968392780e+04 
       2.679088252609e-02       2.263879559715e+04 
       2.692859726347e-02       2.256691873414e+04 
       2.706650581058e-02       2.249514072755e+04 
       2.720461254085e-02       2.242285148077e+04 
       2.734292194052e-02       2.235059743563e+04 
       2.748143861193e-02       2.227755181792e+04 
       2.762016727706e-02       2.220430436040e+04 
       2.775911278109e-02       2.213103390828e+04 
       2.789828009616e-02       2.205705623854e+04 
       2.803767432526e-02       2.198314415560e+04 
       2.817730070624e-02       2.190880471838e+04 
       2.831716461602e-02       2.183439891863e+04 
       2.845727157491e-02       2.175946119543e+04 
       2.859762725110e-02       2.168442838048e+04 
       2.873823746541e-02       2.160928295341e+04 
       2.887910819610e-02       2.153384013198e+04 
       2.902024558393e-02       2.145817408891e+04 
       2.916165593748e-02       2.138240275631e+04 
       2.930334573857e-02       2.130634411463e+04 
       2.944532164797e-02       2.123013823700e+04 
       2.958759051134e-02       2.115366058339e+04 
       2.973015936540e-02       2.107711124619e+04 
       2.987303544432e-02       2.100029832788e+04 
       3.001622618649e-02       2.092349485756e+04 
       3.015973924143e-02       2.084631559503e+04 
       3.030358247709e-02       2.076925665003e+04 
       3.044776398745e-02       2.069199452253e+04 
       3.059229210043e-02       2.061441343755e+04 
       3.073717538613e-02       2.053704851070e+04 
       3.088242266547e-02       2.045936484534e+04 
       3.102804301921e-02       2.038152912151e+04 
       3.117404579735e-02       2.030378030743e+04 
       3.132044062895e-02       2.022586623718e+04 
       3.146723743242e-02       2.014802377743e+04 
       3.161444642633e-02       2.007001182204e+04 
       3.176207814058e-02       1.999173788258e+04 
       3.191014342825e-02       1.991363829626e+04 
       3.205865347794e-02       1.983546948246e+04 
       3.220761982665e-02       1.975729471825e+04 
       3.235705437342e-02       1.967883596275e+04 
       3.250696939348e-02       1.960049278993e+04 
       3.265737755320e-02       1.952212446524e+04 
       3.280829192574e-02       1.944365303282e+04 
       3.295972600750e-02       1.936528142863e+04 
       3.311169373538e-02       1.928699786204e+04 
       3.326420950497e-02       1.920842469557e+04 
       3.341728818965e-02       1.912989544682e+04 
       3.357094516063e-02       1.905160446386e+04 
       3.372519630821e-02       1.897310340398e+04 
       3.388005806398e-02       1.889468723750e+04 
       3.403554742436e-02       1.881599523692e+04 
       3.419168197536e-02       1.873756753300e+04 
       3.434847991871e-02       1.865913695838e+04 
       3.450596009946e-02       1.858078430676e+04 
       3.466414203513e-02       1.850243591293e+04 
       3.482304594648e-02       1.842390980316e+04 
       3.498269279013e-02       1.834553219637e+04 
       3.514310429304e-02       1.826733690030e+04 
       3.530430298897e-02       1.818905713579e+04 
       3.546631225719e-02       1.811058800289e+04 
       3.562915636350e-02       1.803239235515e+04 
       3.579286050376e-02       1.795432707481e+04 
       3.595745085005e-02       1.787599804969e+04 
       3.612295459980e-02       1.779785624793e+04 
       3.628940002798e-02       1.771971170184e+04 
       3.645681654263e-02       1.764174391094e+04 
       3.662523474401e-02       1.756373804056e+04 
       3.679468648765e-02       1.748573127745e+04 
       3.696520495154e-02       1.740795100683e+04 
       3.713682470792e-02       1.733006383782e+04 
       3.730958179988e-02       1.725212912216e+04 
       3.748351382339e-02       1.717432568699e+04 
       3.765866001495e-02       1.709639605036e+04 
       3.783506134556e-02       1.701870445841e+04 
       3.801276062141e-02       1.694084919681e+04 
       3.819180259199e-02       1.686335956368e+04 
       3.837223406615e-02       1.678548275543e+04 
       3.855410403691e-02       1.670803505389e+04 
       3.873746381584e-02       1.663050527784e+04 
       3.892236717775e-02       1.655293439589e+04 
       3.910887051682e-02       1.647522064448e+04 
       3.929703301520e-02       1.639787773719e+04 
       3.948691682517e-02       1.632039427172e+04 
       3.967858726642e-02       1.624290210611e+04 
       3.987211303969e-02       1.616540197042e+04 
       4.006756645868e-02       1.608776361933e+04 
       4.026502370182e-02       1.601025692055e+04 
       4.046456508631e-02       1.593262280606e+04 
       4.066627536644e-02       1.585542426543e+04 
       4.087024405909e-02       1.577772627838e+04 
       4.107656579925e-02       1.570035325389e+04 
       4.128534072889e-02       1.562269785558e+04 
       4.149667492309e-02       1.554507336676e+04 
       4.171068085757e-02       1.546757530594e+04 
       4.192747792269e-02       1.538990007299e+04 
       4.214719298921e-02       1.531209775285e+04 
       4.236996103251e-02       1.523435385612e+04 
       4.259592582212e-02       1.515632967108e+04 
       4.282524068516e-02       1.507818432457e+04 
       4.305806935313e-02       1.500017838198e+04 
       4.329458690299e-02       1.492184992204e+04 
       4.353498080535e-02       1.484352161414e+04 
       4.377945209432e-02       1.476469361829e+04 
       4.402821667627e-02       1.468609474420e+04 
       4.428150679719e-02       1.460715945717e+04 
       4.453957269212e-02       1.452813979408e+04 
       4.480268444361e-02       1.444891876686e+04 
       4.507113408143e-02       1.436925192456e+04 
       4.534523796120e-02       1.428925892952e+04 
       4.562533946652e-02       1.420911951299e+04 
       4.591181208786e-02       1.412868145795e+04 
       4.620506294123e-02       1.404787352648e+04 
       4.650553680252e-02       1.396669139160e+04 
       4.681372074816e-02       1.388510963945e+04 
       4.713014951194e-02       1.380334325145e+04 
       4.745541169049e-02       1.372058245637e+04 
       4.779015695895e-02       1.363756859074e+04 
       4.813510449365e-02       1.355405521950e+04 
       4.849105284368e-02       1.346961173398e+04 
       4.885889154867e-02       1.338467995107e+04 
       4.923961487117e-02       1.329885073127e+04 
       4.963433810075e-02       1.321224637961e+04 
       5.004431700071e-02       1.312499224323e+04 
       5.047097111170e-02       1.303644983501e+04 
       5.091591181072e-02       1.294703083988e+04 
       5.138097625738e-02       1.285574868681e+04 
       5.186826865761e-02       1.276340599989e+04 
       5.238021065181e-02       1.266957840912e+04 
       5.291960310828e-02       1.257395840971e+04 
       5.348970218674e-02       1.247614851507e+04 
       5.409431323686e-02       1.237615026379e+04 
       5.473790688943e-02       1.227331989081e+04 
       5.542576249969e-02       1.216726086838e+04 
       5.616414469723e-02       1.205729638038e+04 
       5.696051869985e-02       1.194329044093e+04 
       5.782380825575e-02       1.182364661561e+04 
       5.876469460663e-02       1.169810528049e+04 
       5.979594202194e-02       1.156379124888e+04 
       6.093270883204e-02       1.141937931147e+04 
       6.219275266363e-02       1.126240971363e+04 
       6.359635334597e-02       1.108848756928e+04 
       6.516565425525e-02       1.089276179074e+04 
       6.692300010806e-02       1.066909451652e+04 
       6.888786163383e-02       1.041047699759e+04 
       7.107235385216e-02       1.010943192978e+04 
       7.347639963462e-02       9.760265884899e+03 
       7.608485926214e-02       9.360288576868e+03 
       7.886899914030e-02       8.914108165734e+03 
       8.179239416189e-02       8.433715230180e+03 
       8.481836795653e-02       7.935734440047e+03 
       8.791549893092e-02       7.440005711218e+03 
       9.105981354603e-02       6.964891146495e+03 
       9.423444172979e-02       6.526342165900e+03 
       9.742813995759e-02       6.135044716177e+03 
       1.006336748472e-01       5.796598781224e+03 
       1.038464960384e-01       5.511891970888e+03 
       1.070637806876e-01       5.277747673979e+03 
       1.102837925684e-01       5.087647221619e+03 
       1.135054693031e-01       4.932833656560e+03 
       1.167281628051e-01       4.803451494455e+03 
       1.199514783767e-01       4.689493573977e+03 
       1.231751758153e-01       4.580902314751e+03 
       1.263991089447e-01       4.469860325158e+03 
       1.296231887545e-01       4.349674108651e+03 
       1.328473609741e-01       4.217315721609e+03 
       1.360715924421e-01       4.071681142479e+03 
       1.392958628274e-01       3.913628405361e+03 
       1.425201596013e-01       3.747168784085e+03 
       1.457444749855e-01       3.576605634525e+03 
       1.489688040981e-01       3.407227715547e+03 
       1.521931438275e-01       3.244102755749e+03 
       1.554174921480e-01       3.091451673682e+03 
       1.586418477038e-01       2.952711409826e+03 
       1.618662095545e-01       2.829827985847e+03 
       1.650905770215e-01       2.723424645884e+03 
       1.683149495922e-01       2.633040776790e+03 
       1.715393268628e-01       2.557096068913e+03 
       1.747637085017e-01       2.493198663170e+03 
       1.779880942272e-01       2.438458332049e+03 
       1.812124837939e-01       2.389744843018e+03 
       1.844368769830e-01       2.344311976909e+03 
       1.876612735966e-01       2.299492726926e+03 
       1.908856734541e-01       2.252561482602e+03 
       1.941100763890e-01       2.201907413041e+03 
       1.973344822470e-01       2.146807639512e+03 
       2.005588908849e-01       2.087025440763e+03 
       2.037833021687e-01       2.023555890666e+03 
       2.070077159735e-01       1.957656445269e+03 
       2.102321321820e-01       1.890802768543e+03 
       2.134565506844e-01       1.824851229520e+03 
       2.166809713774e-01       1.761246765213e+03 
       2.199053941638e-01       1.701169872515e+03 
       2.231298189522e-01       1.645598363903e+03 
       2.263542456565e-01       1.595065886626e+03 
       2.295786741952e-01       1.549790183888e+03 
       2.328031044918e-01       1.509636366482e+03 
       2.360275364736e-01       1.474221153962e+03 
       2.392519700720e-01       1.442797834261e+03 
       2.424764052221e-01       1.414567331948e+03 
       2.457008418624e-01       1.388496656071e+03 
       2.489252799347e-01       1.363635923635e+03 
       2.521497193837e-01       1.339050672120e+03 
       2.553741601568e-01       1.314018334640e+03 
       2.585986022043e-01       1.288137770837e+03 
       2.618230454788e-01       1.261129376990e+03 
       2.650474899352e-01       1.233011543674e+03 
       2.682719355306e-01       1.203808523454e+03 
       2.714963822243e-01       1.173978196122e+03 
       2.747208299773e-01       1.143780598155e+03 
       2.779452787526e-01       1.113839571534e+03 
       2.811697285147e-01       1.084590379345e+03 
       2.843941792300e-01       1.056553463102e+03 
       2.876186308661e-01       1.029998250944e+03 
       2.908430833924e-01       1.005258271463e+03 
       2.940675367793e-01       9.823913005081e+02 
       2.972919909987e-01       9.613688808298e+02 
       3.005164460237e-01       9.419788364492e+02 
       3.037409018285e-01       9.240577953169e+02 
       3.069653583883e-01       9.073175166074e+02 
       3.101898156795e-01       8.914697435710e+02 
       3.134142736795e-01       8.762421779596e+02 
       3.166387323663e-01       8.613636695289e+02 
       3.198631917193e-01       8.465459063717e+02 
       3.230876517183e-01       8.316659360121e+02 
       3.263121123441e-01       8.165792149444e+02 
       3.295365735781e-01       8.012467697560e+02 
       3.327610354027e-01       7.857072148845e+02 
       3.359854978008e-01       7.700542952231e+02 
       3.392099607558e-01       7.544256165623e+02 
       3.424344242521e-01       7.389871572438e+02 
       3.456588882743e-01       7.238064817094e+02 
       3.488833528079e-01       7.090893359812e+02 
       3.521078178387e-01       6.948989763461e+02 
       3.553322833532e-01       6.812779820307e+02 
       3.585567493381e-01       6.683424457026e+02 
       3.617812157810e-01       6.560818323885e+02 
       3.650056826696e-01       6.444805992092e+02 
       3.682301499921e-01       6.334915251854e+02 
       3.714546177371e-01       6.230176196160e+02 
       3.746790858939e-01       6.129552650083e+02 
       3.779035544516e-01       6.031738841194e+02 
       3.811280234002e-01       5.936322669281e+02 
       3.843524927298e-01       5.842344950130e+02 
       3.875769624307e-01       5.749403703404e+02 
       3.908014324938e-01       5.656839287134e+02 
       3.940259029102e-01       5.564849547866e+02 
       3.972503736712e-01       5.473238581892e+02 
       4.004748447684e-01       5.382090316174e+02 
       4.036993161938e-01       5.291736295284e+02 
       4.069237879396e-01       5.202330163267e+02 
       4.101482599980e-01       5.114273816393e+02 
       4.133727323619e-01       5.028180465672e+02 
       4.165972050240e-01       4.944366124763e+02 
       4.198216779776e-01       4.863156609247e+02 
       4.230461512158e-01       4.784466783618e+02 
       4.262706247322e-01       4.708274781959e+02 
       4.294950985206e-01       4.634686423255e+02 
       4.327195725748e-01       4.563518001422e+02 
       4.359440468888e-01       4.494657608414e+02 
       4.391685214570e-01       4.427782808979e+02 
       4.423929962738e-01       4.362997831837e+02 
       4.456174713338e-01       4.299684870417e+02 
       4.488419466316e-01       4.237832656596e+02 
       4.520664221623e-01       4.177067273797e+02 
       4.552908979208e-01       4.117167971718e+02 
       4.585153739022e-01       4.057973706539e+02 
       4.617398501020e-01       3.999436187917e+02 
       4.649643265156e-01       3.941573608558e+02 
       4.681888031384e-01       3.884423881896e+02 
       4.714132799663e-01       3.828057922653e+02 
       4.746377569951e-01       3.772517996121e+02 
       4.778622342205e-01       3.717877501358e+02 
       4.810867116388e-01       3.664203520292e+02 
       4.843111892459e-01       3.611611634763e+02 
       4.875356670382e-01       3.560204711509e+02 
       4.907601450120e-01       3.510079054321e+02 
       4.939846231637e-01       3.461286318532e+02 
       4.972091014899e-01       3.413864600035e+02 
       5.004335799871e-01       3.367603417333e+02 
       5.036580586521e-01       3.322447138013e+02 
       5.068825374817e-01       3.278336654355e+02 
       5.101070164727e-01       3.235132199962e+02 
       5.133314956221e-01       3.192754244912e+02 
       5.165559749269e-01       3.151141709036e+02 
       5.197804543841e-01       3.110240046641e+02 
       5.230049339911e-01       3.069980465052e+02 
       5.262294137450e-01       3.030297617026e+02 
       5.294538936431e-01       2.991142883418e+02 
       5.326783736828e-01       2.952491751156e+02 
       5.359028538615e-01       2.914363920592e+02 
       5.391273341767e-01       2.876804900615e+02 
       5.423518146261e-01       2.839866260259e+02 
       5.455762952071e-01       2.803593026466e+02 
       5.488007759175e-01       2.768011496689e+02 
       5.520252567550e-01       2.733105935248e+02 
       5.552497377174e-01       2.698858284533e+02 
       5.584742188025e-01       2.665250104751e+02 
       5.616987000082e-01       2.632281886724e+02 
       5.649231813324e-01       2.599944860207e+02 
       5.681476627731e-01       2.568250337835e+02 
       5.713721443283e-01       2.537182741098e+02 
       5.745966259962e-01       2.506708359621e+02 
       5.778211077747e-01       2.476781922882e+02 
       5.810455896620e-01       2.447348634196e+02 
       5.842700716564e-01       2.418372348689e+02 
       5.874945537561e-01       2.389830578278e+02 
       5.907190359593e-01       2.361723619205e+02 
       5.939435182643e-01       2.334053570869e+02 
       5.971680006696e-01       2.306819347053e+02 
       6.003924831734e-01       2.280005064352e+02 
       6.036169657743e-01       2.253590052956e+02 
       6.068414484706e-01       2.227554167040e+02 
       6.100659312608e-01       2.201890883602e+02 
       6.132904141434e-01       2.176605312691e+02 
       6.165148971171e-01       2.151718670836e+02 
       6.197393801803e-01       2.127250153484e+02 
       6.229638633316e-01       2.103206935040e+02 
       6.261883465698e-01       2.079581294894e+02 
       6.294128298935e-01       2.056356085145e+02 
       6.326373133013e-01       2.033501402659e+02 
       6.358617967920e-01       2.011006552876e+02 
       6.390862803642e-01       1.988862223959e+02 
       6.423107640169e-01       1.967069473319e+02 
       6.455352477488e-01       1.945630488153e+02 
       6.487597315586e-01       1.924539453881e+02 
       6.519842154453e-01       1.903778203553e+02 
       6.552086994077e-01       1.883323693933e+02 
       6.584331834446e-01       1.863152695906e+02 
       6.616576675551e-01       1.843252720609e+02 
       6.648821517379e-01       1.823624184871e+02 
       6.681066359922e-01       1.804273534039e+02 
       6.713311203167e-01       1.785211596308e+02 
       6.745556047106e-01       1.766446646190e+02 
       6.777800891728e-01       1.747956106706e+02 
       6.810045737024e-01       1.729733220794e+02 
       6.842290582984e-01       1.711763176642e+02 
       6.874535429598e-01       1.694039497956e+02 
       6.906780276858e-01       1.676564501746e+02 
       6.939025124754e-01       1.659346529211e+02 
       6.971269973278e-01       1.642392420400e+02 
       7.003514822421e-01       1.625701364243e+02 
       7.035759672175e-01       1.609262712731e+02 
       7.068004522530e-01       1.593060834531e+02 
       7.100249373479e-01       1.577079851607e+02 
       7.132494225014e-01       1.561311121268e+02 
       7.164739077127e-01       1.545753917369e+02 
       7.196983929809e-01       1.530413198305e+02 
       7.229228783054e-01       1.515292464261e+02 
       7.261473636854e-01       1.500390233748e+02 
       7.293718491202e-01       1.485697310112e+02 
       7.325963346089e-01       1.471201372530e+02 
       7.358208201510e-01       1.456887700072e+02 
       7.390453057457e-01       1.442754511608e+02 
       7.422697913923e-01       1.428802428175e+02 
       7.454942770902e-01       1.415039155593e+02 
       7.487187628386e-01       1.401468271666e+02 
       7.519432486370e-01       1.388090835794e+02 
       7.551677344847e-01       1.374895157840e+02 
       8.247335054568e-01       1.128147290831e+02 
       9.251450489184e-01       8.692796403648e+01 
       1.084455746210e+00       6.032906830371e+01 
