# Matter power spectrum P(k) at redshift z=0
# for k=1.04666e-05 to 1.68105 h/Mpc,
# number of wavenumbers equal to 604
#    1:k (h/Mpc)              2:P (Mpc/h)^3        
       1.046662882289e-05       5.021388608659e+01 
       2.339155695453e-05       1.091496178060e+02 
       3.636219732641e-05       1.671071191453e+02 
       4.941368766761e-05       2.246904768131e+02 
       6.258175037478e-05       2.822470609538e+02 
       7.590301320887e-05       3.400394503544e+02 
       8.941534030736e-05       3.982936895476e+02 
       1.031581779422e-04       4.572190968907e+02 
       1.171729194880e-04       5.170184610512e+02 
       1.315032940979e-04       5.778942524570e+02 
       1.461957835912e-04       6.400529719160e+02 
       1.613000719895e-04       7.037085584411e+02 
       1.768695319555e-04       7.690853279486e+02 
       1.929617519933e-04       8.364206645199e+02 
       2.096391075870e-04       9.059676356442e+02 
       2.269693783213e-04       9.779975485962e+02 
       2.450264112910e-04       1.052802563751e+03 
       2.638908285178e-04       1.130698301757e+03 
       2.836507723838e-04       1.212026470923e+03 
       3.044026779038e-04       1.297157450452e+03 
       3.262520536162e-04       1.386492744493e+03 
       3.493142435334e-04       1.480467191192e+03 
       3.737151306031e-04       1.579550738129e+03 
       3.995917272067e-04       1.684249565360e+03 
       4.270925804408e-04       1.795106246307e+03 
       4.563778998692e-04       1.912698560880e+03 
       4.876192945830e-04       2.037636527701e+03 
       5.209989875120e-04       2.170557158105e+03 
       5.567083623801e-04       2.312116381423e+03 
       5.949456986949e-04       2.462977695886e+03 
       6.359129704583e-04       2.623797159871e+03 
       6.798116330316e-04       2.795204610475e+03 
       7.268374061537e-04       2.977781327354e+03 
       7.771741806454e-04       3.172034963350e+03 
       8.309873238600e-04       3.378373047075e+03 
       8.884168143858e-04       3.597076887056e+03 
       9.495707679312e-04       3.828278371054e+03 
       1.014519985463e-03       4.071942132077e+03 
       1.083294128012e-03       4.327855372380e+03 
       1.155879985178e-03       4.595627037090e+03 
       1.232222070212e-03       4.874696814693e+03 
       1.312225487383e-03       5.164353588270e+03 
       1.395760738681e-03       5.463737931912e+03 
       1.482669926661e-03       5.771921584093e+03 
       1.572773706504e-03       6.087928162951e+03 
       1.665878350114e-03       6.410732805707e+03 
       1.761782386230e-03       6.739307527917e+03 
       1.860282434741e-03       7.072644979150e+03 
       1.961178020191e-03       7.409776959743e+03 
       2.064275297848e-03       7.749788453433e+03 
       2.169389738171e-03       8.091826564943e+03 
       2.276347887530e-03       8.435106453133e+03 
       2.384988358915e-03       8.778912391173e+03 
       2.495162214634e-03       9.122597703576e+03 
       2.606732893220e-03       9.465582034240e+03 
       2.719575812995e-03       9.807348087740e+03 
       2.833577761160e-03       1.014743782492e+04 
       2.948636153795e-03       1.048544580680e+04 
       3.064658231006e-03       1.082101794734e+04 
       3.181560233650e-03       1.115384276529e+04 
       3.299266593730e-03       1.148364975013e+04 
       3.417709159512e-03       1.181020449482e+04 
       3.536826468144e-03       1.213330382357e+04 
       3.656563072561e-03       1.245277184498e+04 
       3.776868925255e-03       1.276845967429e+04 
       3.897698818663e-03       1.308023883379e+04 
       4.019011880053e-03       1.338800285786e+04 
       4.140771117708e-03       1.369166096895e+04 
       4.262943014585e-03       1.399113737872e+04 
       4.385497165398e-03       1.428637170720e+04 
       4.508405953049e-03       1.457731695273e+04 
       4.631644260483e-03       1.486393553830e+04 
       4.755189214250e-03       1.514618212503e+04 
       4.879019956379e-03       1.542404637473e+04 
       5.003117441405e-03       1.569754714441e+04 
       5.127464255741e-03       1.596663514648e+04 
       5.252044456862e-03       1.623133273463e+04 
       5.376843430013e-03       1.649171893093e+04 
       5.501847760456e-03       1.674771178537e+04 
       5.627045119440e-03       1.699932562030e+04 
       5.752424162345e-03       1.724605341069e+04 
       5.877974437583e-03       1.748898043844e+04 
       6.003686305036e-03       1.772759636889e+04 
       6.129550862949e-03       1.796189774699e+04 
       6.255559882326e-03       1.819198577257e+04 
       6.381705747970e-03       1.841786246766e+04 
       6.507981405457e-03       1.863938034565e+04 
       6.634380313360e-03       1.885691304248e+04 
       6.760896400166e-03       1.907025630749e+04 
       6.887524025375e-03       1.928015851664e+04 
       7.014257944328e-03       1.948531485283e+04 
       7.141093276362e-03       1.968686351774e+04 
       7.268025475960e-03       1.988444239391e+04 
       7.395050306564e-03       2.007793704449e+04 
       7.522163816789e-03       2.026755044799e+04 
       7.649362318788e-03       2.045324077788e+04 
       7.776642368547e-03       2.063517680162e+04 
       7.904000747933e-03       2.081313436811e+04 
       8.031434448298e-03       2.098753445620e+04 
       8.158940655512e-03       2.115811170122e+04 
       8.286516736263e-03       2.132593385336e+04 
       8.414160225525e-03       2.148929461645e+04 
       8.541868815066e-03       2.164911402165e+04 
       8.669640342915e-03       2.180533141863e+04 
       8.797472783677e-03       2.195808888222e+04 
       8.925364239645e-03       2.210743925777e+04 
       9.053312932621e-03       2.225323831802e+04 
       9.181317196377e-03       2.239558916665e+04 
       9.309375469723e-03       2.253466928849e+04 
       9.437486290100e-03       2.267049412861e+04 
       9.565648287676e-03       2.280289963721e+04 
       9.693860179892e-03       2.293210585650e+04 
       9.822120766412e-03       2.305812628550e+04 
       9.950428924465e-03       2.318093614425e+04 
       1.007878360453e-02       2.330060526459e+04 
       1.020718382632e-02       2.341719838783e+04 
       1.033562867510e-02       2.352992528437e+04 
       1.046411729824e-02       2.364115710169e+04 
       1.059264890202e-02       2.374868973280e+04 
       1.072122274869e-02       2.385240468650e+04 
       1.084983815372e-02       2.395391226182e+04 
       1.097849448321e-02       2.405350376764e+04 
       1.110719115159e-02       2.414929695493e+04 
       1.123592761934e-02       2.424221298872e+04 
       1.136470339102e-02       2.433245048478e+04 
       1.149351801328e-02       2.441983745954e+04 
       1.162237107316e-02       2.450466253829e+04 
       1.175126219638e-02       2.458653911705e+04 
       1.188019104589e-02       2.466583943782e+04 
       1.200915732033e-02       2.474248543374e+04 
       1.213816075282e-02       2.481669531150e+04 
       1.226720110964e-02       2.488818210594e+04 
       1.239627818914e-02       2.495701912971e+04 
       1.252539182062e-02       2.502337817989e+04 
       1.265454186341e-02       2.508656079414e+04 
       1.278372820589e-02       2.514884686411e+04 
       1.291295076470e-02       2.520787671795e+04 
       1.304220948387e-02       2.526457143862e+04 
       1.317150433419e-02       2.531881158518e+04 
       1.330083531245e-02       2.537076449630e+04 
       1.343020244087e-02       2.542048935788e+04 
       1.355960576650e-02       2.546767297858e+04 
       1.368904536074e-02       2.551208915416e+04 
       1.381852131879e-02       2.555470680390e+04 
       1.394803375926e-02       2.559638483644e+04 
       1.407758282375e-02       2.563382313054e+04 
       1.420716867650e-02       2.567103674128e+04 
       1.433679150403e-02       2.570523807589e+04 
       1.446645151490e-02       2.573726486332e+04 
       1.459614893939e-02       2.576609428039e+04 
       1.472588402931e-02       2.579472203318e+04 
       1.485565705776e-02       2.582043101716e+04 
       1.498546831902e-02       2.584465640026e+04 
       1.511531812832e-02       2.586740174018e+04 
       1.524520682177e-02       2.588636028253e+04 
       1.537513475626e-02       2.590572857733e+04 
       1.550510230938e-02       2.592091276520e+04 
       1.563510987936e-02       2.593643870590e+04 
       1.576515788506e-02       2.594893978427e+04 
       1.589524676597e-02       2.595971418299e+04 
       1.602537698218e-02       2.596870972165e+04 
       1.615554901448e-02       2.597581230524e+04 
       1.628576336437e-02       2.598031291327e+04 
       1.641602055414e-02       2.598414423657e+04 
       1.654632112698e-02       2.598710875704e+04 
       1.667666564710e-02       2.598676916824e+04 
       1.680705469982e-02       2.598519620696e+04 
       1.693748889175e-02       2.598247818587e+04 
       1.706796885097e-02       2.597772908426e+04 
       1.719849522716e-02       2.597160568209e+04 
       1.732906869185e-02       2.596390222826e+04 
       1.745968993862e-02       2.595555210385e+04 
       1.759035968333e-02       2.594399998305e+04 
       1.772107866439e-02       2.593175451505e+04 
       1.785184764299e-02       2.591803553906e+04 
       1.798266740343e-02       2.590290278437e+04 
       1.811353875338e-02       2.588720996603e+04 
       1.824446252424e-02       2.586831119982e+04 
       1.837543957144e-02       2.584999535369e+04 
       1.850647077478e-02       2.582908064484e+04 
       1.863755703886e-02       2.580692629302e+04 
       1.876869929340e-02       2.578356973925e+04 
       1.889989849366e-02       2.575880456896e+04 
       1.903115562090e-02       2.573200323506e+04 
       1.916247168275e-02       2.570524508636e+04 
       1.929384771370e-02       2.567687684736e+04 
       1.942528477559e-02       2.564724530578e+04 
       1.955678395806e-02       2.561599695715e+04 
       1.968834637909e-02       2.558386459973e+04 
       1.981997318549e-02       2.555086091226e+04 
       1.995166555350e-02       2.551582371632e+04 
       2.008342468931e-02       2.548080055516e+04 
       2.021525182967e-02       2.544325308174e+04 
       2.034714824247e-02       2.540576840332e+04 
       2.047911522740e-02       2.536733057749e+04 
       2.061115411658e-02       2.532683491796e+04 
       2.074326627521e-02       2.528565084595e+04 
       2.087545310230e-02       2.524426780982e+04 
       2.100771603135e-02       2.520053183386e+04 
       2.114005653110e-02       2.515672728463e+04 
       2.127247610629e-02       2.511246192003e+04 
       2.140497629843e-02       2.506602440799e+04 
       2.153755868663e-02       2.501895560380e+04 
       2.167022488842e-02       2.497184560414e+04 
       2.180297656063e-02       2.492340314460e+04 
       2.193581540024e-02       2.487343245991e+04 
       2.206874314535e-02       2.482322263121e+04 
       2.220176157606e-02       2.477159499670e+04 
       2.233487251550e-02       2.471954930168e+04 
       2.246807783081e-02       2.466688254700e+04 
       2.260137943418e-02       2.461298940120e+04 
       2.273477928390e-02       2.455865827899e+04 
       2.286827938552e-02       2.450385277707e+04 
       2.300188179290e-02       2.444734694590e+04 
       2.313558860945e-02       2.439064014441e+04 
       2.326940198931e-02       2.433321094387e+04 
       2.340332413862e-02       2.427502362800e+04 
       2.353735731676e-02       2.421644471694e+04 
       2.367150383771e-02       2.415694864198e+04 
       2.380576607144e-02       2.409702888716e+04 
       2.394014644527e-02       2.403648532299e+04 
       2.407464744536e-02       2.397502002785e+04 
       2.420927161819e-02       2.391250654128e+04 
       2.434402157216e-02       2.385029717641e+04 
       2.447889997913e-02       2.378665748793e+04 
       2.461390957611e-02       2.372335090097e+04 
       2.474905316696e-02       2.365854027776e+04 
       2.488433362416e-02       2.359366404643e+04 
       2.501975389062e-02       2.352812657177e+04 
       2.515531698155e-02       2.346226636636e+04 
       2.529102598643e-02       2.339574760130e+04 
       2.542688407100e-02       2.332933082553e+04 
       2.556289447934e-02       2.326184459930e+04 
       2.569906053601e-02       2.319365723512e+04 
       2.583538564827e-02       2.312562522730e+04 
       2.597187330838e-02       2.305674611838e+04 
       2.610852709595e-02       2.298757679389e+04 
       2.624535068041e-02       2.291792908761e+04 
       2.638234782354e-02       2.284762904918e+04 
       2.651952238211e-02       2.277719301438e+04 
       2.665687831056e-02       2.270643236192e+04 
       2.679441966385e-02       2.263511186377e+04 
       2.693215060038e-02       2.256368785246e+04 
       2.707007538495e-02       2.249182653528e+04 
       2.720819839194e-02       2.241975423321e+04 
       2.734652410855e-02       2.234731352221e+04 
       2.748505713811e-02       2.227420196441e+04 
       2.762380220360e-02       2.220091330616e+04 
       2.776276415125e-02       2.212767272253e+04 
       2.790194795427e-02       2.205389970338e+04 
       2.804135871675e-02       2.197965954979e+04 
       2.818100167768e-02       2.190568102031e+04 
       2.832088221513e-02       2.183110415795e+04 
       2.846100585061e-02       2.175618565261e+04 
       2.860137825355e-02       2.168110307093e+04 
       2.874200524604e-02       2.160586615621e+04 
       2.888289280762e-02       2.153051279297e+04 
       2.902404708044e-02       2.145481562536e+04 
       2.916547437442e-02       2.137896750465e+04 
       2.930718117283e-02       2.130293931945e+04 
       2.944917413790e-02       2.122673548687e+04 
       2.959146011681e-02       2.115028992087e+04 
       2.973404614781e-02       2.107372879817e+04 
       2.987693946672e-02       2.099687256863e+04 
       3.002014751356e-02       2.092000087608e+04 
       3.016367793956e-02       2.084291659100e+04 
       3.030753861444e-02       2.076585042025e+04 
       3.045173763399e-02       2.068859334418e+04 
       3.059628332800e-02       2.061116932664e+04 
       3.074118426852e-02       2.053345391258e+04 
       3.088644927847e-02       2.045587137287e+04 
       3.103208744067e-02       2.037815484666e+04 
       3.117810810724e-02       2.030046805503e+04 
       3.132452090946e-02       2.022242726970e+04 
       3.147133576802e-02       2.014445531787e+04 
       3.161856290382e-02       2.006641074733e+04 
       3.176621284921e-02       1.998833631065e+04 
       3.191429645980e-02       1.991012684094e+04 
       3.206282492677e-02       1.983194028610e+04 
       3.221180978985e-02       1.975364075605e+04 
       3.236126295084e-02       1.967539381036e+04 
       3.251119668788e-02       1.959719367849e+04 
       3.266162367033e-02       1.951861660191e+04 
       3.281255697445e-02       1.944018565171e+04 
       3.296401009986e-02       1.936179562136e+04 
       3.311599698682e-02       1.928339499471e+04 
       3.326853203436e-02       1.920485313121e+04 
       3.342163011945e-02       1.912640291832e+04 
       3.357530661706e-02       1.904793518117e+04 
       3.372957742132e-02       1.896963119429e+04 
       3.388445896788e-02       1.889098413169e+04 
       3.403996825734e-02       1.881254484148e+04 
       3.419612288005e-02       1.873405652942e+04 
       3.435294104228e-02       1.865563426504e+04 
       3.451044159377e-02       1.857731006683e+04 
       3.466864405694e-02       1.849881494340e+04 
       3.482756865769e-02       1.842040200719e+04 
       3.498723635794e-02       1.834196337139e+04 
       3.514766889019e-02       1.826382213854e+04 
       3.530888879399e-02       1.818549731246e+04 
       3.547091945466e-02       1.810704553325e+04 
       3.563378514430e-02       1.802897892860e+04 
       3.579751106536e-02       1.795063821081e+04 
       3.596212339679e-02       1.787245435394e+04 
       3.612764934322e-02       1.779433711543e+04 
       3.629411718716e-02       1.771621361435e+04 
       3.646155634453e-02       1.763826760963e+04 
       3.662999742385e-02       1.756023276050e+04 
       3.679947228930e-02       1.748208958646e+04 
       3.697001412797e-02       1.740435161767e+04 
       3.714165752159e-02       1.732651024237e+04 
       3.731443852330e-02       1.724852319489e+04 
       3.748839473955e-02       1.717079505678e+04 
       3.766356541790e-02       1.709284180542e+04 
       3.783999154099e-02       1.701506687549e+04 
       3.801771592727e-02       1.693723850919e+04 
       3.819678333914e-02       1.685982466013e+04 
       3.837724059905e-02       1.678193317955e+04 
       3.855913671442e-02       1.670456544437e+04 
       3.874252301199e-02       1.662701133834e+04 
       3.892745328261e-02       1.654927084571e+04 
       3.911398393748e-02       1.647167411806e+04 
       3.930217417670e-02       1.639437079781e+04 
       3.949208617166e-02       1.631683142968e+04 
       3.968378526227e-02       1.623934129222e+04 
       3.987734017078e-02       1.616185217559e+04 
       4.007282323371e-02       1.608441187202e+04 
       4.027031065385e-02       1.600689984020e+04 
       4.046988277430e-02       1.592918401907e+04 
       4.067162437700e-02       1.585190523859e+04 
       4.087562500835e-02       1.577429106268e+04 
       4.108197933489e-02       1.569687887248e+04 
       4.129078753239e-02       1.561938077937e+04 
       4.150215571214e-02       1.554178403133e+04 
       4.171619638874e-02       1.546385036973e+04 
       4.193302899427e-02       1.538642607930e+04 
       4.215278044451e-02       1.530839025130e+04 
       4.237558576323e-02       1.523074782685e+04 
       4.260158877230e-02       1.515281172226e+04 
       4.283094285536e-02       1.507466654267e+04 
       4.306381180516e-02       1.499664052697e+04 
       4.330037076509e-02       1.491831411182e+04 
       4.354080727793e-02       1.484008918919e+04 
       4.378532245639e-02       1.476124583488e+04 
       4.403413229256e-02       1.468257461923e+04 
       4.428746912614e-02       1.460362613084e+04 
       4.454558329478e-02       1.452472141515e+04 
       4.480874499368e-02       1.444522510469e+04 
       4.507724637654e-02       1.436563094694e+04 
       4.535140393562e-02       1.428578308766e+04 
       4.563156120560e-02       1.420562905735e+04 
       4.591809184437e-02       1.412508069838e+04 
       4.621140315401e-02       1.404442041703e+04 
       4.651194011777e-02       1.396323208630e+04 
       4.682019004385e-02       1.388162602956e+04 
       4.713668792590e-02       1.379960705166e+04 
       4.746202265285e-02       1.371710042587e+04 
       4.779684422972e-02       1.363407178244e+04 
       4.814187220653e-02       1.355072749594e+04 
       4.849790555714e-02       1.346615140360e+04 
       4.886583430602e-02       1.338118782797e+04 
       4.924665327125e-02       1.329541564720e+04 
       4.964147838179e-02       1.320886898188e+04 
       5.005156613997e-02       1.312148258619e+04 
       5.047833694470e-02       1.303303350418e+04 
       5.092340317440e-02       1.294314842281e+04 
       5.138860316301e-02       1.285231937940e+04 
       5.187604250049e-02       1.276000716862e+04 
       5.238814446689e-02       1.266570762613e+04 
       5.292771188296e-02       1.257049367717e+04 
       5.349800324525e-02       1.247284256078e+04 
       5.410282671366e-02       1.237276316885e+04 
       5.474665631306e-02       1.226985955559e+04 
       5.543477551195e-02       1.216384744575e+04 
       5.617345393462e-02       1.205391615878e+04 
       5.697016286202e-02       1.193977743160e+04 
       5.783383337350e-02       1.182036763880e+04 
       5.877515548881e-02       1.169463257729e+04 
       5.980690378615e-02       1.156063488411e+04 
       6.094424827491e-02       1.141637448752e+04 
       6.220495895546e-02       1.125883937866e+04 
       6.360932709756e-02       1.108509919688e+04 
       6.517950343870e-02       1.088957102273e+04 
       6.693783091426e-02       1.066604449007e+04 
       6.890376294279e-02       1.040697227370e+04 
       7.108937684284e-02       1.010610867155e+04 
       7.349453937746e-02       9.756423045059e+03 
       7.610404918614e-02       9.356519178001e+03 
       7.888912517029e-02       8.910124543328e+03 
       8.181332279598e-02       8.429962082225e+03 
       8.483997360630e-02       7.932117941204e+03 
       8.793767972603e-02       7.436349719972e+03 
       9.108249487695e-02       6.961430296833e+03 
       9.425757257856e-02       6.523040001949e+03 
       9.745168696663e-02       6.131918480433e+03 
       1.006576168191e-01       5.793675581609e+03 
       1.038708197408e-01       5.509179960868e+03 
       1.070884779504e-01       5.275234145624e+03 
       1.103088583803e-01       5.085315297905e+03 
       1.135309006022e-01       4.930696845663e+03 
       1.167539577249e-01       4.801479611974e+03 
       1.199776357802e-01       4.687511165463e+03 
       1.232016950102e-01       4.579116540362e+03 
       1.264259895089e-01       4.468076917122e+03 
       1.296504304305e-01       4.348147686672e+03 
       1.328749636043e-01       4.215789304452e+03 
       1.360995559297e-01       4.070032010733e+03 
       1.393241871124e-01       3.912183752955e+03 
       1.425488446463e-01       3.745628116505e+03 
       1.457735207668e-01       3.575112521464e+03 
       1.489982106005e-01       3.405744779808e+03 
       1.522229110410e-01       3.242645093175e+03 
       1.554476200658e-01       3.089969899028e+03 
       1.586723363208e-01       2.951278924856e+03 
       1.618970588672e-01       2.828449562192e+03 
       1.651217870271e-01       2.722081181789e+03 
       1.683465202884e-01       2.631751384984e+03 
       1.715712582477e-01       2.555904641282e+03 
       1.747960005736e-01       2.492069071674e+03 
       1.780207469847e-01       2.437404880676e+03 
       1.812454972357e-01       2.388865359625e+03 
       1.844702511077e-01       2.343515033015e+03 
       1.876950084032e-01       2.298696827866e+03 
       1.909197689416e-01       2.251819674893e+03 
       1.941445325563e-01       2.201207340679e+03 
       1.973692990933e-01       2.146110751799e+03 
       2.005940684092e-01       2.086347822132e+03 
       2.038188403704e-01       2.022900428288e+03 
       2.070436148517e-01       1.956918431050e+03 
       2.102683917360e-01       1.890083760552e+03 
       2.134931709135e-01       1.824161029860e+03 
       2.167179522810e-01       1.760498704347e+03 
       2.199427357413e-01       1.700429735231e+03 
       2.231675212031e-01       1.644848954907e+03 
       2.263923085801e-01       1.594355299898e+03 
       2.296170977911e-01       1.549057206973e+03 
       2.328418887594e-01       1.508931684338e+03 
       2.360666814125e-01       1.473516411879e+03 
       2.392914756817e-01       1.442189813142e+03 
       2.425162715023e-01       1.413985027660e+03 
       2.457410688127e-01       1.387953119027e+03 
       2.489658675546e-01       1.363133795823e+03 
       2.521906676728e-01       1.338586393465e+03 
       2.554154691149e-01       1.313573047697e+03 
       2.586402718309e-01       1.287717618870e+03 
       2.618650757737e-01       1.260769505057e+03 
       2.650898808980e-01       1.232627996287e+03 
       2.683146871611e-01       1.203476697923e+03 
       2.715394945222e-01       1.173604387896e+03 
       2.747643029423e-01       1.143393576558e+03 
       2.779891123844e-01       1.113438636858e+03 
       2.812139228132e-01       1.084180065413e+03 
       2.844387341949e-01       1.056131970616e+03 
       2.876635464972e-01       1.029573881203e+03 
       2.908883596894e-01       1.004830847397e+03 
       2.941131737420e-01       9.819762109253e+02 
       2.973379886270e-01       9.609331255170e+02 
       3.005628043173e-01       9.416034091120e+02 
       3.037876207871e-01       9.236744201024e+02 
       3.070124380119e-01       9.069758192884e+02 
       3.102372559679e-01       8.911395703364e+02 
       3.134620746325e-01       8.759171773759e+02 
       3.166868939838e-01       8.610381239295e+02 
       3.199117140011e-01       8.462600881013e+02 
       3.231365346642e-01       8.313915207230e+02 
       3.263613559540e-01       8.163173735762e+02 
       3.295861778519e-01       8.009905672696e+02 
       3.328110003403e-01       7.854566958733e+02 
       3.360358234019e-01       7.698035106155e+02 
       3.392606470205e-01       7.541759116757e+02 
       3.424854711801e-01       7.387100620381e+02 
       3.457102958656e-01       7.235699031446e+02 
       3.489351210623e-01       7.088344449285e+02 
       3.521599467561e-01       6.946351104393e+02 
       3.553847729335e-01       6.810243920856e+02 
       3.586095995812e-01       6.680969898454e+02 
       3.618344266868e-01       6.558222767915e+02 
       3.650592542379e-01       6.442472238939e+02 
       3.682840822230e-01       6.332356834390e+02 
       3.715089106305e-01       6.227740588524e+02 
       3.747337394495e-01       6.127257749201e+02 
       3.779585686695e-01       6.029739882408e+02 
       3.811833982803e-01       5.934229723889e+02 
       3.844082282719e-01       5.840330009988e+02 
       3.876330586349e-01       5.747471515704e+02 
       3.908578893599e-01       5.654964744673e+02 
       3.940827204381e-01       5.563097032709e+02 
       3.973075518609e-01       5.471510657524e+02 
       4.005323836198e-01       5.380332258453e+02 
       4.037572157069e-01       5.289960646347e+02 
       4.069820481142e-01       5.200472038051e+02 
       4.102068808342e-01       5.112512398563e+02 
       4.134317138595e-01       5.026564796333e+02 
       4.166565471830e-01       4.942603352494e+02 
       4.198813807979e-01       4.861402392564e+02 
       4.231062146974e-01       4.782596414137e+02 
       4.263310488750e-01       4.706529817493e+02 
       4.295558833245e-01       4.633082662601e+02 
       4.327807180398e-01       4.561941096821e+02 
       4.360055530149e-01       4.493055966565e+02 
       4.392303882442e-01       4.426325245537e+02 
       4.424552237219e-01       4.361447490767e+02 
       4.456800594428e-01       4.298309051209e+02 
       4.489048954015e-01       4.236382706149e+02 
       4.521297315929e-01       4.175661136139e+02 
       4.553545680122e-01       4.115793012096e+02 
       4.585794046544e-01       4.056717895760e+02 
       4.618042415148e-01       3.998199573770e+02 
       4.650290785890e-01       3.940355738438e+02 
       4.682539158725e-01       3.883144437165e+02 
       4.714787533609e-01       3.826808167930e+02 
       4.747035910502e-01       3.771263352338e+02 
       4.779284289361e-01       3.716625803588e+02 
       4.811532670148e-01       3.662948762005e+02 
       4.843781052824e-01       3.610360110314e+02 
       4.876029437350e-01       3.558960368105e+02 
       4.908277823692e-01       3.508846211590e+02 
       4.940526211812e-01       3.460066675053e+02 
       4.972774601676e-01       3.412673208042e+02 
       5.005022993251e-01       3.366435922490e+02 
       5.037271386503e-01       3.321290040036e+02 
       5.069519781401e-01       3.277202142346e+02 
       5.101768177912e-01       3.234020868068e+02 
       5.134016576007e-01       3.191760248124e+02 
       5.166264975656e-01       3.150172446417e+02 
       5.198513376829e-01       3.109205857842e+02 
       5.230761779499e-01       3.068966101451e+02 
       5.263010183638e-01       3.029300827818e+02 
       5.295258589219e-01       2.990159682745e+02 
       5.327506996215e-01       2.951521016573e+02 
       5.359755404602e-01       2.913403460133e+02 
       5.392003814353e-01       2.875855492579e+02 
       5.424252225445e-01       2.839009195203e+02 
       5.456500637854e-01       2.802748769232e+02 
       5.488749051556e-01       2.767081405434e+02 
       5.520997466530e-01       2.732184801211e+02 
       5.553245882751e-01       2.697944595084e+02 
       5.585494300200e-01       2.664344394047e+02 
       5.617742718854e-01       2.631375650407e+02 
       5.649991138693e-01       2.599061681137e+02 
       5.682239559698e-01       2.567379863480e+02 
       5.714487981847e-01       2.536325534446e+02 
       5.746736405121e-01       2.505864590703e+02 
       5.778984829503e-01       2.475951655035e+02 
       5.811233254972e-01       2.446531858296e+02 
       5.843481681512e-01       2.417567016430e+02 
       5.875730109105e-01       2.389109389676e+02 
       5.907978537732e-01       2.361014071299e+02 
       5.940226967378e-01       2.333354296120e+02 
       5.972475398026e-01       2.306128995995e+02 
       6.004723829660e-01       2.279324574857e+02 
       6.036972262263e-01       2.252849650244e+02 
       6.069220695821e-01       2.226822082856e+02 
       6.101469130317e-01       2.201164761541e+02 
       6.133717565738e-01       2.175886529028e+02 
       6.165966002069e-01       2.151007321680e+02 
       6.198214439295e-01       2.126545262758e+02 
       6.230462877403e-01       2.102510144231e+02 
       6.262711316378e-01       2.078895043307e+02 
       6.294959756208e-01       2.055676207670e+02 
       6.327208196880e-01       2.032829456518e+02 
       6.359456638380e-01       2.010342664997e+02 
       6.391705080696e-01       1.988205842890e+02 
       6.423953523816e-01       1.966421233510e+02 
       6.456201967728e-01       1.944991470484e+02 
       6.488450412419e-01       1.923909197816e+02 
       6.520698857878e-01       1.903156368120e+02 
       6.552947304095e-01       1.882710187402e+02 
       6.585195751057e-01       1.862545713456e+02 
       6.617444198753e-01       1.842653721259e+02 
       6.649692647174e-01       1.823031152400e+02 
       6.681941096309e-01       1.803687457896e+02 
       6.714189546146e-01       1.784632442427e+02 
       6.746437996677e-01       1.765866714508e+02 
       6.778686447891e-01       1.747382813580e+02 
       6.810934899778e-01       1.729165642338e+02 
       6.843183352329e-01       1.711206122822e+02 
       6.875431805535e-01       1.693488303489e+02 
       6.907680259386e-01       1.676019158810e+02 
       6.939928713874e-01       1.658807348623e+02 
       6.972177168989e-01       1.641859346225e+02 
       7.004425624723e-01       1.625174799454e+02 
       7.036674081067e-01       1.608741505941e+02 
       7.068922538013e-01       1.592545400740e+02 
       7.101170995552e-01       1.576569652993e+02 
       7.133419453678e-01       1.560806089317e+02 
       7.165667912381e-01       1.545254349569e+02 
       7.197916371654e-01       1.529918883158e+02 
       7.230164831489e-01       1.514803856851e+02 
       7.262413291879e-01       1.499907442194e+02 
       7.294661752817e-01       1.485219796184e+02 
       7.326910214295e-01       1.470726735153e+02 
       7.359158676305e-01       1.456417515782e+02 
       7.391407138842e-01       1.442287921570e+02 
       7.423655601898e-01       1.428339656422e+02 
       7.455904065466e-01       1.414580257281e+02 
       7.488152529540e-01       1.401017663381e+02 
       7.520400994114e-01       1.387645480039e+02 
       7.552649459180e-01       1.374457452490e+02 
       8.248432577104e-01       1.127774614819e+02 
       9.252750030426e-01       8.689782512329e+01 
       1.084620290498e+00       6.030462865438e+01 
       1.337215165902e+00       3.696709573819e+01 
       1.681054069697e+00       2.144887950763e+01 
