# Matter power spectrum P(k) at redshift z=0.5
# for k=0.000782008 to 826.306 h/Mpc,
# number of wavenumbers equal to 521
#    1:k (h/Mpc)              2:P (Mpc/h)^3        
       7.820083848374e-04       3.225363900160e-05 
       6.176822371528e-03       2.354483179640e-04 
       1.871764651806e-02       6.834520577286e-04 
       3.155027742853e-02       1.127606213898e-03 
       4.440693395037e-02       1.563090951611e-03 
       5.727028818301e-02       1.990795292835e-03 
       7.013654944960e-02       2.411241340204e-03 
       8.300442891518e-02       2.824750457874e-03 
       9.587337329377e-02       3.231547756401e-03 
       1.087431082837e-01       3.631800177928e-03 
       1.216134842655e-01       4.025632724131e-03 
       1.344844141732e-01       4.413140965859e-03 
       1.473558451604e-01       4.794352787106e-03 
       1.602277444086e-01       5.169380298174e-03 
       1.731000914808e-01       5.538290692464e-03 
       1.859728739519e-01       5.901146376590e-03 
       1.988460847869e-01       6.258008385192e-03 
       2.117197207044e-01       6.608936558132e-03 
       2.245937811191e-01       6.953990861745e-03 
       2.374682674373e-01       7.293232366129e-03 
       2.503431825766e-01       7.626723130361e-03 
       2.632185306308e-01       7.954527372597e-03 
       2.760943166317e-01       8.276709672222e-03 
       2.889705463762e-01       8.593336613865e-03 
       3.018472263006e-01       8.904474542607e-03 
       3.147243633863e-01       9.210191652253e-03 
       3.276019650894e-01       9.510556397226e-03 
       3.404800392882e-01       9.805636743695e-03 
       3.533585942418e-01       1.009550253133e-02 
       3.662376385597e-01       1.038022031994e-02 
       3.791171811782e-01       1.065985790099e-02 
       3.919972313420e-01       1.093448367812e-02 
       4.048777985909e-01       1.120416204201e-02 
       4.177588927494e-01       1.146895872197e-02 
       4.306405239188e-01       1.172894050882e-02 
       4.435227024726e-01       1.198416745817e-02 
       4.564054390518e-01       1.223470594758e-02 
       4.692887445638e-01       1.248061820635e-02 
       4.821726301805e-01       1.272196633898e-02 
       4.950571073389e-01       1.295881565869e-02 
       5.079421877415e-01       1.319124074134e-02 
       5.208278833580e-01       1.341957611805e-02 
       5.337142064273e-01       1.364328510464e-02 
       5.466011694602e-01       1.386283122954e-02 
       5.594887852423e-01       1.407816552102e-02 
       5.723770668380e-01       1.428930397298e-02 
       5.852660275935e-01       1.449632357250e-02 
       5.981556811417e-01       1.469924284989e-02 
       6.110460414062e-01       1.489822606595e-02 
       6.239371226064e-01       1.509328745762e-02 
       6.368289392619e-01       1.528449630068e-02 
       6.497215061985e-01       1.547184661085e-02 
       6.626148385529e-01       1.565545072368e-02 
       6.755089517789e-01       1.583530648871e-02 
       6.884038616527e-01       1.601126752324e-02 
       7.012995842796e-01       1.618386660412e-02 
       7.141961360997e-01       1.635295945457e-02 
       7.270935338946e-01       1.651854112857e-02 
       7.399917947941e-01       1.668045917700e-02 
       7.528909362828e-01       1.683908768225e-02 
       7.657909762070e-01       1.699419381867e-02 
       7.786919327825e-01       1.714599130258e-02 
       7.915938246010e-01       1.729406072644e-02 
       8.044966706386e-01       1.743937533092e-02 
       8.174004902629e-01       1.758142359643e-02 
       8.303053032410e-01       1.772039483702e-02 
       8.432111297479e-01       1.785569117620e-02 
       8.561179903746e-01       1.798830640652e-02 
       8.690259061366e-01       1.811786087336e-02 
       8.819348984825e-01       1.824439302114e-02 
       8.948449893030e-01       1.836796535623e-02 
       9.077562009401e-01       1.848874827601e-02 
       9.206685561960e-01       1.860651596790e-02 
       9.335820783433e-01       1.872168607865e-02 
       9.464967911337e-01       1.883338662465e-02 
       9.594127188090e-01       1.894237409293e-02 
       9.723298861106e-01       1.904909263536e-02 
       9.852483182900e-01       1.915258897929e-02 
       9.981680411194e-01       1.925394457989e-02 
       1.011089080903e+00       1.935229446264e-02 
       1.024011464487e+00       1.944811966848e-02 
       1.036935219272e+00       1.954125958761e-02 
       1.049860373225e+00       1.963207734180e-02 
       1.062786954889e+00       1.971999637521e-02 
       1.075714993397e+00       1.980592700883e-02 
       1.088644518485e+00       1.988842075751e-02 
       1.101575560502e+00       1.996976853726e-02 
       1.114508150426e+00       2.004789134830e-02 
       1.127442319874e+00       2.012400679180e-02 
       1.140378101119e+00       2.019692971453e-02 
       1.153315527101e+00       2.026850649681e-02 
       1.166254631441e+00       2.033782355189e-02 
       1.179195448460e+00       2.040416980664e-02 
       1.192138013186e+00       2.046902997277e-02 
       1.205082361376e+00       2.053117891020e-02 
       1.218028529529e+00       2.059086948764e-02 
       1.230976554900e+00       2.064927570021e-02 
       1.243926475519e+00       2.070465452690e-02 
       1.256878330203e+00       2.075838121415e-02 
       1.269832158581e+00       2.081061044772e-02 
       1.282788001102e+00       2.085976596951e-02 
       1.295745899058e+00       2.090735246415e-02 
       1.308705894601e+00       2.095303910562e-02 
       1.321668030761e+00       2.099722888317e-02 
       1.334632351465e+00       2.103897840843e-02 
       1.347598901555e+00       2.107825259113e-02 
       1.360567726811e+00       2.111679218022e-02 
       1.373538873967e+00       2.115227152501e-02 
       1.386512390734e+00       2.118704367405e-02 
       1.399488325822e+00       2.121884622373e-02 
       1.412466728959e+00       2.124979406785e-02 
       1.425447650914e+00       2.127824287537e-02 
       1.438431143520e+00       2.130531127313e-02 
       1.451417259697e+00       2.133104555406e-02 
       1.464406053476e+00       2.135475973428e-02 
       1.477397580021e+00       2.137664156535e-02 
       1.490391895657e+00       2.139646854895e-02 
       1.503389057892e+00       2.141530817610e-02 
       1.516389125445e+00       2.143211960721e-02 
       1.529392158272e+00       2.144755437911e-02 
       1.542398217594e+00       2.146185562408e-02 
       1.555407365921e+00       2.147409657191e-02 
       1.568419667085e+00       2.148486133984e-02 
       1.581435186267e+00       2.149408057230e-02 
       1.594453990027e+00       2.150177958920e-02 
       1.607476146334e+00       2.150814181701e-02 
       1.620501724596e+00       2.151308723136e-02 
       1.633530795696e+00       2.151631724898e-02 
       1.646563432020e+00       2.151799580872e-02 
       1.659599707494e+00       2.151858412584e-02 
       1.672639697616e+00       2.151818787415e-02 
       1.685683479493e+00       2.151597678114e-02 
       1.698731131874e+00       2.151244798941e-02 
       1.711782735190e+00       2.150767885931e-02 
       1.724838371590e+00       2.150154430125e-02 
       1.737898124980e+00       2.149425974363e-02 
       1.750962081064e+00       2.148535627389e-02 
       1.764030327382e+00       2.147566968278e-02 
       1.777102953353e+00       2.146459713561e-02 
       1.790180050317e+00       2.145190295426e-02 
       1.803261711581e+00       2.143859298953e-02 
       1.816348032459e+00       2.142412303119e-02 
       1.829439110324e+00       2.140835223750e-02 
       1.842535044649e+00       2.139133655770e-02 
       1.855635937060e+00       2.137325713634e-02 
       1.868741891384e+00       2.135376051060e-02 
       1.881853013696e+00       2.133350266659e-02 
       1.894969412378e+00       2.131215344217e-02 
       1.908091198167e+00       2.128978485379e-02 
       1.921218484211e+00       2.126643086477e-02 
       1.934351386125e+00       2.124225557270e-02 
       1.947490022052e+00       2.121685411028e-02 
       1.960634512716e+00       2.119046787019e-02 
       1.973784981486e+00       2.116286372487e-02 
       1.986941554440e+00       2.113477918858e-02 
       2.000104360425e+00       2.110549836270e-02 
       2.013273531126e+00       2.107527565752e-02 
       2.026449201130e+00       2.104420062342e-02 
       2.039631507998e+00       2.101220947296e-02 
       2.052820592335e+00       2.097939985162e-02 
       2.066016597861e+00       2.094567235079e-02 
       2.079219671491e+00       2.091112571078e-02 
       2.092429963405e+00       2.087572517490e-02 
       2.105647627131e+00       2.083951650442e-02 
       2.118872819628e+00       2.080224843135e-02 
       2.132105701363e+00       2.076461791562e-02 
       2.145346436406e+00       2.072622285908e-02 
       2.158595192507e+00       2.068695600336e-02 
       2.171852141196e+00       2.064687479220e-02 
       2.185117457873e+00       2.060613448650e-02 
       2.198391321900e+00       2.056449207767e-02 
       2.211673916706e+00       2.052213789361e-02 
       2.224965429883e+00       2.047925225174e-02 
       2.238266053293e+00       2.043570540184e-02 
       2.251575983174e+00       2.039180098783e-02 
       2.264895420252e+00       2.034692904963e-02 
       2.278224569852e+00       2.030141875173e-02 
       2.291563642016e+00       2.025528870840e-02 
       2.304912851625e+00       2.020836521828e-02 
       2.318272418520e+00       2.016137400793e-02 
       2.331642567632e+00       2.011346611345e-02 
       2.345023529111e+00       2.006476956022e-02 
       2.358415538464e+00       2.001571791520e-02 
       2.371818836693e+00       1.996623787686e-02 
       2.385233670439e+00       1.991627530662e-02 
       2.398660292131e+00       1.986548535780e-02 
       2.412098960136e+00       1.981455177071e-02 
       2.425549938921e+00       1.976299408223e-02 
       2.439013499211e+00       1.971078144579e-02 
       2.452489918159e+00       1.965826242887e-02 
       2.465979479518e+00       1.960507108956e-02 
       2.479482473821e+00       1.955176674120e-02 
       2.492999198560e+00       1.949778650832e-02 
       2.506529958385e+00       1.944334796633e-02 
       2.520075065290e+00       1.938859210397e-02 
       2.533634838823e+00       1.933349971549e-02 
       2.547209606292e+00       1.927776471386e-02 
       2.560799702980e+00       1.922189432968e-02 
       2.574405472373e+00       1.916555347384e-02 
       2.588027266386e+00       1.910887590379e-02 
       2.601665445603e+00       1.905173645039e-02 
       2.615320379526e+00       1.899435272335e-02 
       2.628992446828e+00       1.893666161274e-02 
       2.642682035617e+00       1.887867154065e-02 
       2.656389543709e+00       1.882022913322e-02 
       2.670115378912e+00       1.876161507998e-02 
       2.683859959318e+00       1.870266651007e-02 
       2.697623713606e+00       1.864328711663e-02 
       2.711407081356e+00       1.858382623992e-02 
       2.725210513372e+00       1.852403319435e-02 
       2.739034472025e+00       1.846393730269e-02 
       2.752879431593e+00       1.840364677541e-02 
       2.766745878632e+00       1.834309626470e-02 
       2.780634312346e+00       1.828224995981e-02 
       2.794545244977e+00       1.822127968883e-02 
       2.808479202212e+00       1.815993224941e-02 
       2.822436723601e+00       1.809856472750e-02 
       2.836418362989e+00       1.803691648358e-02 
       2.850424688975e+00       1.797510037426e-02 
       2.864456285375e+00       1.791311317082e-02 
       2.878513751715e+00       1.785072453630e-02 
       2.892597703737e+00       1.778832470602e-02 
       2.906708773924e+00       1.772578341732e-02 
       2.920847612054e+00       1.766315462863e-02 
       2.935014885766e+00       1.760025606461e-02 
       2.949211281154e+00       1.753733159925e-02 
       2.963437503391e+00       1.747417873708e-02 
       2.977694277368e+00       1.741093522301e-02 
       2.991982348365e+00       1.734755490964e-02 
       3.006302482755e+00       1.728402349839e-02 
       3.020655468728e+00       1.722037269588e-02 
       3.035042117052e+00       1.715665518540e-02 
       3.049463261869e+00       1.709282991994e-02 
       3.063919761521e+00       1.702889682389e-02 
       3.078412499413e+00       1.696491476120e-02 
       3.092942384916e+00       1.690081018883e-02 
       3.107510354312e+00       1.683659804639e-02 
       3.122117371778e+00       1.677243117767e-02 
       3.136764430413e+00       1.670814388456e-02 
       3.151452553324e+00       1.664370308042e-02 
       3.166182794746e+00       1.657926579068e-02 
       3.180956241227e+00       1.651488841975e-02 
       3.195774012865e+00       1.645036135001e-02 
       3.210637264601e+00       1.638579289681e-02 
       3.225547187580e+00       1.632121154466e-02 
       3.240505010578e+00       1.625651177695e-02 
       3.255512001489e+00       1.619191231806e-02 
       3.270569468902e+00       1.612729391760e-02 
       3.285678763747e+00       1.606261128113e-02 
       3.300841281023e+00       1.599788555770e-02 
       3.316058461622e+00       1.593319163313e-02 
       3.331331794243e+00       1.586847151049e-02 
       3.346662817402e+00       1.580372193529e-02 
       3.362053121560e+00       1.573895505753e-02 
       3.377504351352e+00       1.567423014206e-02 
       3.393018207942e+00       1.560951649036e-02 
       3.408596451511e+00       1.554475160685e-02 
       3.424240903869e+00       1.548016865706e-02 
       3.439953451229e+00       1.541540465358e-02 
       3.455736047124e+00       1.535068356265e-02 
       3.471590715498e+00       1.528607107679e-02 
       3.487519553971e+00       1.522136656836e-02 
       3.503524737298e+00       1.515674798153e-02 
       3.519608521028e+00       1.509206961312e-02 
       3.535773245384e+00       1.502750304235e-02 
       3.552021339378e+00       1.496295870798e-02 
       3.568355325174e+00       1.489839727857e-02 
       3.584777822724e+00       1.483388382968e-02 
       3.601291554689e+00       1.476936235771e-02 
       3.617899351683e+00       1.470492582283e-02 
       3.634604157838e+00       1.464044375015e-02 
       3.651409036743e+00       1.457609261109e-02 
       3.668317177766e+00       1.451164606025e-02 
       3.685331902803e+00       1.444735455452e-02 
       3.702456673475e+00       1.438302093302e-02 
       3.719695098828e+00       1.431873445992e-02 
       3.737050943554e+00       1.425446917096e-02 
       3.754528136797e+00       1.419026043805e-02 
       3.772130781590e+00       1.412606416597e-02 
       3.789863164960e+00       1.406193306384e-02 
       3.807729768784e+00       1.399778407286e-02 
       3.825735281448e+00       1.393358738334e-02 
       3.843884610382e+00       1.386958944266e-02 
       3.862182895556e+00       1.380548719280e-02 
       3.880635524016e+00       1.374137984801e-02 
       3.899248145574e+00       1.367736899846e-02 
       3.918026689747e+00       1.361332982935e-02 
       3.936977384061e+00       1.354933378435e-02 
       3.956106773885e+00       1.348524051324e-02 
       3.975421743902e+00       1.342125713316e-02 
       3.994929541422e+00       1.335722352398e-02 
       4.014637801705e+00       1.329317263063e-02 
       4.034554575509e+00       1.322919090101e-02 
       4.054688359104e+00       1.316511002167e-02 
       4.075048127008e+00       1.310111287323e-02 
       4.095643367754e+00       1.303694997323e-02 
       4.116484123026e+00       1.297283222348e-02 
       4.137581030539e+00       1.290866407497e-02 
       4.158945371104e+00       1.284441823860e-02 
       4.180589120367e+00       1.278020366859e-02 
       4.202525005789e+00       1.271589632372e-02 
       4.224766569501e+00       1.265144533602e-02 
       4.247328237770e+00       1.258702945175e-02 
       4.270225397914e+00       1.252244475366e-02 
       4.293474483636e+00       1.245777990541e-02 
       4.317093069884e+00       1.239304182318e-02 
       4.341099978519e+00       1.232815742116e-02 
       4.365515396296e+00       1.226308278712e-02 
       4.390361006866e+00       1.219798558954e-02 
       4.415660138824e+00       1.213259077225e-02 
       4.441437932165e+00       1.206709069222e-02 
       4.467721525887e+00       1.200139005402e-02 
       4.494540270010e+00       1.193552381959e-02 
       4.521925965824e+00       1.186930108059e-02 
       4.549913138903e+00       1.180290410136e-02 
       4.578539350275e+00       1.173626976297e-02 
       4.607845552168e+00       1.166927854204e-02 
       4.637876496019e+00       1.160194788483e-02 
       4.668681201991e+00       1.153422642996e-02 
       4.700313501127e+00       1.146624283610e-02 
       4.732832663662e+00       1.139774661579e-02 
       4.766304129900e+00       1.132883929723e-02 
       4.800800363723e+00       1.125930771614e-02 
       4.836401853344e+00       1.118934325878e-02 
       4.873198289646e+00       1.111876790086e-02 
       4.911289959622e+00       1.104734614578e-02 
       4.950789401605e+00       1.097546122651e-02 
       4.991823380500e+00       1.090260917713e-02 
       5.034535255993e+00       1.082892964345e-02 
       5.079087835474e+00       1.075423106350e-02 
       5.125666827347e+00       1.067840279396e-02 
       5.174485040846e+00       1.060144606738e-02 
       5.225787517028e+00       1.052289464048e-02 
       5.279857823947e+00       1.044289381944e-02 
       5.337025808469e+00       1.036131221401e-02 
       5.397677168207e+00       1.027751068911e-02 
       5.462265286737e+00       1.019139745458e-02 
       5.531325854531e+00       1.010262949800e-02 
       5.605494853058e+00       1.001069253253e-02 
       5.685530458295e+00       9.914885847068e-03 
       5.772339214273e+00       9.814350181399e-03 
       5.867006226008e+00       9.708502406158e-03 
       5.970827732187e+00       9.595254445922e-03 
       6.085341567982e+00       9.473529322633e-03 
       6.212345703750e+00       9.340393210631e-03 
       6.353886127536e+00       9.193184514590e-03 
       6.512182806499e+00       9.027255422243e-03 
       6.689450761170e+00       8.837874631769e-03 
       6.887577293982e+00       8.618392285836e-03 
       7.107663950452e+00       8.363367741543e-03 
       7.349552095740e+00       8.067945224446e-03 
       7.611573048151e+00       7.731496280788e-03 
       7.890746574670e+00       7.358056027348e-03 
       8.183403374897e+00       6.957835992357e-03 
       8.485921109752e+00       6.545249011291e-03 
       8.795240462370e+00       6.136329964951e-03 
       9.109050929511e+00       5.746467870773e-03 
       9.425737979870e+00       5.387772030957e-03 
       9.744230597455e+00       5.068736560678e-03 
       1.006384188239e+01       4.793503824497e-03 
       1.038414060617e+01       4.562302864948e-03 
       1.070485963254e+01       4.372064372606e-03 
       1.102583483223e+01       4.217325376011e-03 
       1.134696587094e+01       4.090642142663e-03 
       1.166819160154e+01       3.984011232047e-03 
       1.198947482868e+01       3.888902483352e-03 
       1.231079295247e+01       3.797634482837e-03 
       1.263213225074e+01       3.703591715075e-03 
       1.295348439515e+01       3.602087939277e-03 
       1.327484433234e+01       3.490091675563e-03 
       1.359620899655e+01       3.367357043619e-03 
       1.391757652802e+01       3.235166277381e-03 
       1.423894579866e+01       3.096450318410e-03 
       1.456031612421e+01       2.955070627190e-03 
       1.488168708962e+01       2.815241304173e-03 
       1.520305844316e+01       2.681126063407e-03 
       1.552443003212e+01       2.556078437620e-03 
       1.584580176391e+01       2.442755401972e-03 
       1.616717358234e+01       2.342592897879e-03 
       1.648854545333e+01       2.256017306853e-03 
       1.680991735623e+01       2.182435535321e-03 
       1.713128927849e+01       2.120526839623e-03 
       1.745266121252e+01       2.068261585621e-03 
       1.777403315369e+01       2.023124149038e-03 
       1.809540509921e+01       1.982656360398e-03 
       1.841677704738e+01       1.944666185594e-03 
       1.873814899717e+01       1.906865441824e-03 
       1.905952094796e+01       1.867176490423e-03 
       1.938089289936e+01       1.824356723687e-03 
       1.970226485114e+01       1.777835539024e-03 
       2.002363680316e+01       1.727682629202e-03 
       2.034500875535e+01       1.674624700407e-03 
       2.066638070763e+01       1.619726446548e-03 
       2.098775265999e+01       1.564356087529e-03 
       2.130912461240e+01       1.509913383378e-03 
       2.163049656485e+01       1.457547838807e-03 
       2.195186851733e+01       1.408251226643e-03 
       2.227324046983e+01       1.362744146441e-03 
       2.259461242236e+01       1.321390158036e-03 
       2.291598437491e+01       1.284367781266e-03 
       2.323735632748e+01       1.251500319685e-03 
       2.355872828007e+01       1.222467581719e-03 
       2.388010023267e+01       1.196673253608e-03 
       2.420147218529e+01       1.173358606689e-03 
       2.452284413793e+01       1.151710676138e-03 
       2.484421609058e+01       1.130933158270e-03 
       2.516558804324e+01       1.110330811382e-03 
       2.548695999592e+01       1.089329555671e-03 
       2.580833194861e+01       1.067583538853e-03 
       2.612970390131e+01       1.044948836640e-03 
       2.645107585402e+01       1.021386804088e-03 
       2.677244780675e+01       9.970475111311e-04 
       2.709381975948e+01       9.721773871134e-04 
       2.741519171223e+01       9.471625412583e-04 
       2.773656366498e+01       9.223885293881e-04 
       2.805793561775e+01       8.982492080237e-04 
       2.837930757053e+01       8.751360895271e-04 
       2.870067952331e+01       8.533238941349e-04 
       2.902205147611e+01       8.329947742259e-04 
       2.934342342891e+01       8.142232333835e-04 
       2.966479538172e+01       7.969331348727e-04 
       2.998616733454e+01       7.809956591105e-04 
       3.030753928736e+01       7.662168169938e-04 
       3.062891124020e+01       7.523681321576e-04 
       3.095028319304e+01       7.392275906378e-04 
       3.127165514589e+01       7.265639063473e-04 
       3.159302709874e+01       7.141472885493e-04 
       3.191439905161e+01       7.017983650928e-04 
       3.223577100448e+01       6.893586514137e-04 
       3.255714295735e+01       6.767694489420e-04 
       3.287851491023e+01       6.639786713626e-04 
       3.319988686312e+01       6.510286014843e-04 
       3.352125881601e+01       6.380125282470e-04 
       3.384263076891e+01       6.250485208138e-04 
       3.416400272181e+01       6.122383176492e-04 
       3.448537467472e+01       5.996989885104e-04 
       3.480674662764e+01       5.875267041658e-04 
       3.512811858055e+01       5.758089412600e-04 
       3.544949053348e+01       5.646047240010e-04 
       3.577086248641e+01       5.539327563678e-04 
       3.609223443934e+01       5.438264700913e-04 
       3.641360639228e+01       5.342521503326e-04 
       3.673497834522e+01       5.251655435726e-04 
       3.705635029817e+01       5.164931887212e-04 
       3.737772225112e+01       5.081526953132e-04 
       3.769909420407e+01       5.000511081567e-04 
       3.802046615703e+01       4.921213707442e-04 
       3.834183810999e+01       4.843045445756e-04 
       3.866321006296e+01       4.765607220706e-04 
       3.898458201593e+01       4.688622382281e-04 
       3.930595396890e+01       4.612130598720e-04 
       3.962732592187e+01       4.535943453264e-04 
       3.994869787485e+01       4.460248489072e-04 
       4.027006982784e+01       4.385169160094e-04 
       4.059144178082e+01       4.311023331354e-04 
       4.091281373381e+01       4.238100182909e-04 
       4.123418568680e+01       4.166860084574e-04 
       4.155555763980e+01       4.097572162271e-04 
       4.187692959280e+01       4.030334180425e-04 
       4.219830154580e+01       3.965250572977e-04 
       4.251967349880e+01       3.902313270734e-04 
       4.284104545181e+01       3.841503825439e-04 
       4.316241740482e+01       3.782590626279e-04 
       4.348378935783e+01       3.725565795671e-04 
       4.380516131085e+01       3.670250750935e-04 
       4.412653326386e+01       3.616457389052e-04 
       4.444790521688e+01       3.564019469933e-04 
       4.476927716990e+01       3.512685800403e-04 
       4.509064912293e+01       3.462231019631e-04 
       4.541202107595e+01       3.412422741159e-04 
       4.573339302898e+01       3.363253702765e-04 
       4.605476498201e+01       3.314684802207e-04 
       4.637613693505e+01       3.266601274171e-04 
       4.669750888808e+01       3.219226321005e-04 
       4.701888084112e+01       3.172423021686e-04 
       4.734025279416e+01       3.126380386015e-04 
       4.766162474720e+01       3.081098494079e-04 
       4.798299670024e+01       3.036676785089e-04 
       4.830436865329e+01       2.993122992987e-04 
       4.862574060633e+01       2.950560343070e-04 
       4.894711255938e+01       2.909061018226e-04 
       4.926848451243e+01       2.868682297139e-04 
       4.958985646548e+01       2.829371347123e-04 
       4.991122841854e+01       2.791067370309e-04 
       5.023260037159e+01       2.753689828716e-04 
       5.055397232465e+01       2.717131576721e-04 
       5.087534427771e+01       2.681276240237e-04 
       5.119671623077e+01       2.646171484780e-04 
       5.151808818383e+01       2.611640912574e-04 
       5.183946013689e+01       2.577701720059e-04 
       5.216083208996e+01       2.544291547414e-04 
       5.248220404302e+01       2.511369614666e-04 
       5.280357599609e+01       2.478878918615e-04 
       5.312494794916e+01       2.446817741612e-04 
       5.344631990223e+01       2.415192142835e-04 
       5.376769185530e+01       2.384063860980e-04 
       5.408906380838e+01       2.353447085279e-04 
       5.441043576145e+01       2.323374207223e-04 
       5.473180771453e+01       2.293887578053e-04 
       5.505317966761e+01       2.264970569633e-04 
       5.537455162068e+01       2.236594945417e-04 
       5.569592357376e+01       2.208744379650e-04 
       5.601729552684e+01       2.181419009425e-04 
       5.633866747993e+01       2.154634477647e-04 
       5.902670843198e+01       1.948729254370e-04 
       6.205850184901e+01       1.746799662750e-04 
       6.555431387601e+01       1.549207544611e-04 
       6.970852297514e+01       1.352448915831e-04 
       7.485855260492e+01       1.154114600741e-04 
       8.164193061341e+01       9.498758242157e-05 
       9.136762767634e+01       7.357988167032e-05 
       1.067160141509e+02       5.148812980799e-05 
       1.312019207148e+02       3.177152104986e-05 
       1.648744926125e+02       1.845199392614e-05 
       2.075587906241e+02       1.057391884124e-05 
       2.613010130192e+02       6.009222865798e-06 
       3.289584854047e+02       3.389477857896e-06 
       4.141341967013e+02       1.898866511188e-06 
       5.213640641202e+02       1.057256141604e-06 
       6.563584691172e+02       5.853193630007e-07 
       8.263063560180e+02       3.223531270390e-07 
